0.00 9.87 21.27 26.71 22.91 20.33 13.51 39.98 4.71 21.96 12.34 21.71 25.21 36.77 16.70 26.48 24.80 15.28 23.24 20.59 22.60 6.95 37.05 31.31 15.72 12.47 21.03 16.66 26.79 38.37 26.46 29.21 19.84 24.87 10.93 23.88 31.84 22.07 32.01 28.80 26.91 64.99 29.26 23.02 20.39 26.15 9.47 22.12 44.23 35.51 4.66 24.31 12.30 5.48 22.30 29.16 29.04 6.75 47.23 34.59 35.36 26.08 12.29 22.93 36.45 15.67 11.13 19.43 27.59 33.08 46.16 12.89 33.17 33.36 8.34 6.33 12.25 25.38 12.87 8.15 26.07 29.82 16.56 48.04 13.00 4.24 21.82 23.73 39.37 21.79 30.32 38.95 29.20 21.18 7.54 11.93 4.88 10.97 28.01 21.05
9.87 0.00 28.52 24.44 22.39 21.70 12.51 40.77 8.46 17.18 20.86 15.09 21.39 31.71 26.57 21.63 22.18 22.98 18.73 30.46 14.48 7.05 27.29 31.59 12.61 22.34 16.35 26.52 28.25 29.15 26.82 33.96 11.44 21.79 2.17 33.74 29.66 13.83 31.05 22.84 34.89 64.47 21.88 13.43 10.61 25.62 19.28 25.88 41.13 36.97 14.52 15.12 19.86 13.34 17.26 19.29 19.18 16.62 53.80 38.41 27.91 17.18 22.16 23.83 31.17 25.25 17.00 28.75 17.72 28.61 56.02 22.75 43.04 33.51 5.76 16.19 10.36 33.09 22.73 18.02 16.41 20.37 26.43 49.62 19.39 14.10 31.69 19.50 42.48 20.19 30.43 48.81 28.99 16.11 17.41 15.49 13.94 13.37 23.00 30.92
21.27 28.52 0.00 25.89 20.28 39.86 34.62 52.95 24.66 27.84 33.61 42.97 46.34 38.05 35.24 47.75 45.82 36.54 44.51 41.86 42.88 28.21 51.43 42.39 36.98 33.73 42.29 4.65 46.55 52.27 24.16 42.02 39.96 26.37 30.69 8.32 31.32 42.26 20.07 33.65 32.78 58.12 50.02 41.53 38.44 23.52 18.48 38.95 59.55 55.27 24.94 30.18 33.57 23.00 43.57 47.81 47.08 28.02 25.97 54.68 43.69 34.22 20.81 44.02 38.26 36.93 11.58 9.87 46.24 54.34 34.16 30.71 54.44 36.97 29.60 27.59 33.52 31.08 18.55 29.42 44.93 48.88 37.83 49.37 32.38 25.50 43.09 45.00 25.79 10.73 51.59 60.22 30.59 42.44 28.81 33.20 23.59 32.23 39.96 42.32
26.71 24.44 25.89 0.00 5.63 45.37 36.50 31.62 25.30 11.80 39.05 39.52 42.62 23.40 38.97 45.05 46.61 24.82 43.16 32.23 35.46 31.49 38.49 18.95 37.05 38.70 40.12 24.01 40.38 37.62 10.96 28.82 34.20 2.65 26.16 34.21 5.44 34.73 19.96 17.80 18.14 47.71 46.31 36.62 27.64 8.87 33.84 29.64 39.99 41.30 31.36 9.46 23.57 31.50 41.70 32.29 39.80 33.46 37.04 36.61 17.80 41.62 37.30 40.87 12.38 32.73 20.57 33.55 40.41 53.05 53.52 23.64 59.88 22.91 30.20 33.03 14.81 8.65 36.20 34.86 38.93 24.61 35.13 38.55 17.73 25.50 48.52 43.94 39.34 16.41 38.08 62.91 4.87 40.55 34.25 38.63 31.39 17.65 47.44 31.85
22.91 22.39 20.28 5.63 0.00 42.81 34.87 35.45 23.04 9.96 33.85 36.94 40.95 17.77 39.60 43.88 44.50 30.45 41.08 34.12 35.18 29.44 39.52 24.58 34.99 35.27 38.71 24.93 38.53 32.00 5.33 23.20 28.57 6.09 24.55 28.60 11.07 34.45 23.41 16.79 12.51 42.08 44.26 30.99 27.93 3.24 28.21 27.79 43.35 45.85 27.57 12.30 29.20 28.39 36.18 30.45 34.16 29.66 31.41 34.40 23.43 37.06 31.67 41.15 18.00 38.37 14.95 27.92 34.77 51.00 54.43 29.27 56.08 23.94 28.15 29.23 19.80 12.15 30.57 31.05 37.90 30.23 29.50 32.92 12.11 27.14 43.94 41.89 33.72 10.79 32.45 61.86 10.50 38.49 30.46 34.84 27.79 12.02 45.39 26.22
20.33 21.70 39.86 45.37 42.81 0.00 9.28 47.02 21.11 38.83 32.67 20.23 17.04 53.40 36.77 21.66 9.38 35.61 14.58 37.34 25.62 15.52 42.83 43.80 12.47 8.48 16.15 35.62 27.59 50.45 45.81 44.09 33.13 43.11 20.98 39.52 50.81 20.87 26.73 44.49 47.24 84.89 26.45 35.12 31.23 43.73 29.80 30.71 48.38 35.94 20.62 36.82 32.63 18.11 37.09 40.98 31.46 27.09 51.33 43.55 48.76 5.75 21.00 43.26 52.87 35.99 31.46 34.29 39.41 50.30 65.12 23.46 41.55 33.01 16.08 26.66 31.25 45.71 33.20 28.48 29.09 38.33 36.89 27.93 32.04 24.57 34.13 26.86 53.62 41.88 38.89 59.28 46.87 18.21 27.88 32.26 17.52 31.30 24.76 37.22
13.51 12.51 34.62 36.50 34.87 9.28 0.00 41.97 11.84 29.69 25.85 11.09 20.87 44.16 28.66 13.53 11.29 28.79 16.50 28.20 26.99 7.15 37.59 34.53 3.20 17.75 18.07 30.16 18.84 41.66 37.29 35.72 23.95 34.29 14.68 37.38 41.94 13.88 18.55 35.23 40.43 76.95 28.37 25.93 22.86 38.11 22.98 21.43 40.70 27.56 11.34 27.60 25.82 18.98 29.38 31.80 30.55 19.84 60.59 34.41 40.42 15.03 25.80 36.08 43.68 26.98 24.64 32.94 30.23 41.12 59.67 14.19 32.27 42.29 18.27 19.84 21.98 38.89 26.38 21.66 28.91 32.87 30.07 37.20 22.77 17.75 35.33 17.72 52.88 32.70 30.52 52.46 37.59 8.93 21.05 25.44 18.39 24.48 15.49 34.56
39.98 40.77 52.95 31.62 35.45 47.02 41.97 0.00 35.48 25.78 51.57 30.88 40.95 40.67 48.45 38.26 41.59 49.09 36.58 25.85 33.30 44.43 57.39 39.13 38.77 49.44 43.76 55.63 23.58 64.36 33.72 15.85 51.83 34.27 39.91 61.27 37.06 54.60 51.59 32.61 47.95 77.53 54.06 54.20 45.27 35.80 49.45 43.61 59.95 32.30 44.64 28.12 47.81 43.78 49.18 46.27 56.83 46.45 42.68 54.20 49.43 50.74 52.27 32.05 44.00 55.65 49.02 59.21 58.50 27.22 43.62 40.46 69.81 46.93 35.01 46.31 35.62 23.34 52.86 44.01 29.83 51.99 56.55 19.28 30.90 35.95 58.05 37.52 56.62 42.88 65.01 73.36 36.49 50.90 47.53 51.91 44.38 39.49 51.05 61.04
4.71 8.46 24.66 25.30 23.04 21.11 11.84 35.48 0.00 25.64 16.09 22.92 21.77 40.17 21.41 25.37 23.13 19.98 26.14 25.30 22.94 11.66 35.74 36.02 15.04 17.18 24.80 21.37 30.68 37.61 28.37 25.50 19.89 27.96 6.29 28.59 30.66 22.28 30.39 31.30 31.62 65.11 30.33 21.88 15.69 26.28 14.18 17.43 39.54 39.40 9.37 23.58 17.02 10.19 25.71 27.75 27.63 10.97 50.63 39.30 36.37 25.64 17.00 27.64 37.68 20.38 13.55 23.89 26.18 37.06 50.87 17.60 37.88 37.58 11.19 11.04 16.96 30.09 17.58 12.87 24.87 28.82 21.27 49.04 10.93 8.95 26.53 27.96 44.08 26.50 35.03 43.66 30.17 18.07 12.26 16.64 9.59 15.68 27.32 25.77
21.96 17.18 27.84 11.80 9.96 38.83 29.69 25.78 25.64 0.00 34.22 32.27 38.57 14.89 38.66 38.81 39.36 24.94 35.91 28.86 31.66 24.23 44.47 15.58 29.79 34.44 33.53 32.48 28.57 41.95 9.64 27.50 28.62 14.45 19.35 36.16 17.24 31.00 31.77 6.83 22.46 52.04 34.58 30.61 27.79 11.73 31.44 17.84 51.79 37.30 26.62 2.35 34.27 26.82 34.44 20.49 36.36 28.72 39.90 44.36 29.54 34.37 34.26 41.01 24.18 31.69 24.90 33.44 34.90 45.79 61.99 34.86 55.13 33.90 22.75 28.29 9.85 20.46 34.84 30.12 33.59 36.41 38.52 42.88 22.06 26.20 43.79 36.69 30.84 17.11 40.94 60.91 16.66 33.29 29.51 32.67 26.84 13.72 40.19 36.18
12.34 20.86 33.61 39.05 33.85 32.67 25.85 51.57 16.09 34.22 0.00 28.26 30.02 48.91 15.14 35.63 31.19 19.55 25.99 32.94 32.59 19.29 48.15 43.65 28.07 24.81 33.37 29.00 39.13 50.01 38.80 41.55 32.19 36.98 22.38 36.22 44.18 31.05 19.66 41.01 39.26 52.92 41.60 34.29 31.47 37.09 21.81 32.63 55.63 47.35 17.00 31.88 17.97 17.82 9.96 40.15 40.04 19.09 59.58 46.93 47.70 38.05 24.63 27.71 48.65 28.00 23.48 31.77 38.58 45.41 58.50 25.23 45.51 45.70 20.68 18.66 24.59 37.72 25.21 20.50 29.12 41.23 28.90 53.70 25.23 16.57 18.03 26.08 32.97 24.77 42.66 51.29 41.54 33.52 19.89 24.27 17.22 23.31 40.35 33.40
21.71 15.09 42.97 39.52 36.94 20.23 11.09 30.88 22.92 32.27 28.26 0.00 10.07 42.68 17.57 7.38 10.85 36.98 5.70 38.99 29.57 14.86 26.51 45.62 7.88 18.55 12.88 38.36 23.53 44.23 41.91 43.11 20.95 36.87 17.25 45.58 44.74 24.96 29.64 37.93 48.62 79.02 23.18 28.51 25.05 40.18 31.18 26.12 41.41 27.05 22.43 30.21 34.01 27.18 18.30 34.38 34.26 28.46 68.34 23.32 42.12 19.86 30.18 38.27 46.26 37.37 31.50 41.13 32.80 43.70 67.86 25.28 38.94 42.09 20.85 23.44 25.27 47.09 34.58 26.12 31.50 34.70 38.27 48.16 33.85 18.30 27.17 6.63 57.56 35.27 38.23 55.72 44.08 20.02 26.39 30.57 26.59 28.46 20.17 42.76
25.21 21.39 46.34 42.62 40.95 17.04 20.87 40.95 21.77 38.57 30.02 10.07 0.00 52.75 27.64 10.54 9.58 40.49 4.38 37.67 35.88 24.93 36.34 50.95 17.96 25.52 5.04 41.87 27.80 40.91 46.28 33.04 31.02 42.60 23.56 48.86 48.06 34.75 39.42 44.23 52.13 82.94 15.34 34.81 14.97 44.19 32.28 36.19 31.35 25.73 29.87 36.52 37.52 30.69 20.05 40.68 40.56 31.97 68.36 33.39 49.30 18.54 37.51 28.20 52.56 40.88 35.31 44.64 39.11 50.00 71.38 31.98 42.11 45.80 27.16 31.54 31.75 50.59 38.09 33.37 37.80 33.38 41.77 44.97 32.70 28.37 17.10 16.71 62.98 41.58 48.30 64.17 45.26 29.80 18.55 36.88 30.09 34.76 18.77 46.27
36.77 31.71 38.05 23.40 17.77 53.40 44.16 40.67 40.17 14.89 48.91 42.68 52.75 0.00 52.81 50.05 53.53 39.83 48.38 16.34 39.34 38.77 40.43 29.62 44.33 49.23 48.06 38.66 43.47 49.77 23.10 40.97 21.73 23.87 33.88 46.37 28.84 45.54 41.18 21.73 30.28 59.85 49.48 45.14 42.33 21.01 45.98 32.73 61.12 52.19 41.42 17.24 38.30 41.64 48.98 35.38 47.32 43.52 49.18 52.17 41.20 48.90 49.05 55.55 35.77 46.58 32.72 45.69 49.44 60.33 68.17 30.96 69.94 41.71 37.48 43.09 24.74 29.92 46.95 44.27 42.81 48.01 46.77 50.69 29.88 41.00 58.59 49.31 15.95 28.55 50.22 75.72 28.27 47.83 44.31 46.79 41.65 28.62 54.72 43.99
16.70 26.57 35.24 38.97 39.60 36.77 28.66 48.45 21.41 38.66 15.14 17.57 27.64 52.81 0.00 24.95 28.42 31.98 23.27 36.47 30.52 23.65 37.15 48.01 25.46 29.17 30.45 33.36 41.09 55.07 43.16 45.91 36.55 41.56 27.62 40.58 44.41 15.91 34.81 45.50 43.62 68.06 40.75 39.72 37.09 42.84 26.17 38.82 57.16 44.62 21.36 41.01 29.00 22.18 25.11 45.86 26.18 23.46 61.21 40.89 52.05 37.43 28.99 39.63 51.34 32.37 27.84 36.12 44.29 49.77 62.86 29.59 49.87 50.06 25.04 23.03 28.95 34.57 29.57 8.54 33.98 46.52 33.26 64.70 29.70 13.47 33.17 10.94 48.11 30.49 47.02 50.89 43.84 37.59 24.25 28.63 21.58 27.67 37.74 37.76
26.48 21.63 47.75 45.05 43.88 21.66 13.53 38.26 25.37 38.81 35.63 7.38 10.54 50.05 24.95 0.00 12.28 41.76 13.07 36.05 36.12 20.68 33.88 48.06 10.80 25.93 5.50 43.14 26.44 41.38 45.87 36.96 28.32 42.41 23.80 50.36 50.50 27.41 32.08 44.48 53.40 85.97 15.80 35.05 25.52 47.12 32.74 29.03 41.89 20.76 24.87 36.76 38.79 31.96 25.67 40.92 37.80 33.24 72.98 30.70 49.50 27.23 37.55 38.74 49.15 40.51 37.62 45.91 39.35 47.70 72.64 21.44 31.56 49.46 27.39 30.82 31.99 51.87 39.36 33.49 38.04 41.99 43.05 49.59 36.30 25.68 27.64 14.01 64.11 41.20 42.16 63.09 45.72 22.46 19.02 37.12 31.37 35.00 23.09 47.54
24.80 22.18 45.82 46.61 44.50 9.38 11.29 41.59 23.13 39.36 31.19 10.85 9.58 53.53 28.42 12.28 0.00 40.08 5.20 38.49 35.00 18.44 37.17 45.83 14.50 17.86 6.78 41.46 18.22 42.65 48.41 42.61 31.80 43.96 24.34 48.68 51.83 25.18 29.84 45.02 51.72 84.11 17.07 35.60 24.55 47.74 34.02 32.73 40.92 26.56 22.64 37.30 37.11 27.48 29.14 41.47 40.83 31.13 60.70 34.17 50.09 15.12 30.38 37.77 53.34 38.27 35.94 43.66 39.90 49.88 70.97 25.48 43.57 42.38 25.46 31.13 32.54 50.19 37.68 32.96 38.47 34.20 41.37 37.30 34.06 29.04 26.68 17.48 62.99 42.37 41.81 56.89 46.99 20.23 20.29 36.73 26.89 35.55 26.78 45.86
15.28 22.98 36.54 24.82 30.45 35.61 28.79 49.09 19.98 24.94 19.55 36.98 40.49 39.83 31.98 41.76 40.08 0.00 38.51 35.87 37.47 22.23 50.27 40.51 31.00 27.75 36.30 31.93 42.06 52.13 34.58 44.48 34.42 27.46 25.15 39.15 30.25 36.80 39.22 31.77 42.19 72.48 44.54 36.41 33.59 33.69 24.75 37.40 59.51 50.79 19.93 27.28 27.58 20.75 29.52 42.27 42.16 22.03 61.86 49.86 42.62 40.16 27.57 38.20 37.19 30.94 26.41 34.70 23.61 48.35 61.44 28.16 42.70 47.73 23.61 21.60 27.53 33.47 28.14 23.43 39.39 43.34 31.84 63.32 28.27 19.51 35.45 39.01 52.52 37.06 45.59 54.23 29.68 36.45 22.82 27.21 20.16 26.25 43.29 36.33
23.24 18.73 44.51 43.16 41.08 14.58 16.50 36.58 26.14 35.91 25.99 5.70 4.38 48.38 23.27 13.07 5.20 38.51 0.00 33.30 33.21 20.55 31.97 46.58 13.58 23.05 9.42 39.90 23.42 45.29 43.20 37.41 26.64 40.51 20.89 47.12 48.38 30.38 35.05 41.57 50.16 78.91 19.71 32.15 19.35 44.32 32.71 31.81 35.72 21.36 27.84 33.85 35.54 28.71 23.99 38.02 37.90 30.00 65.91 29.02 46.64 14.17 35.53 32.57 49.90 38.91 34.38 42.66 36.45 47.34 69.40 30.69 44.63 41.43 24.49 29.14 29.09 48.62 36.11 31.39 35.13 29.00 39.80 42.51 28.98 24.00 21.48 12.33 58.95 38.91 43.93 61.41 47.72 25.43 22.93 34.22 28.12 32.09 23.14 44.30
20.59 30.46 41.86 32.23 34.12 37.34 28.20 25.85 25.30 28.86 32.94 38.99 37.67 16.34 36.47 36.05 38.49 35.87 33.30 0.00 32.60 27.55 56.77 13.28 31.39 33.06 41.55 37.25 47.04 58.97 38.49 41.70 38.08 34.88 31.52 44.47 34.38 42.08 46.74 22.02 46.62 76.20 49.86 43.61 40.98 37.36 30.07 42.72 59.25 54.66 25.25 31.16 21.96 26.07 42.90 49.34 30.98 27.35 65.53 55.18 50.04 43.09 32.88 43.52 44.61 36.26 31.73 40.02 48.18 53.07 66.75 14.61 53.77 46.23 28.93 26.92 32.84 40.88 33.47 27.92 29.13 50.42 37.16 45.13 33.59 24.83 42.41 44.33 32.29 42.38 50.91 59.55 27.37 37.12 28.14 30.47 25.48 31.57 43.68 41.65
22.60 14.48 42.88 35.46 35.18 25.62 26.99 33.30 22.94 31.66 32.59 29.57 35.88 39.34 30.52 36.12 35.00 37.47 33.21 32.60 0.00 21.54 36.14 45.88 27.09 34.11 30.84 39.26 42.73 38.01 40.51 48.45 25.93 32.81 16.66 46.48 40.90 28.31 45.54 37.33 47.68 77.25 36.36 27.91 25.09 38.41 32.07 40.37 26.65 51.45 27.25 29.61 34.06 27.82 31.75 33.77 33.66 29.36 66.59 52.89 42.40 19.88 32.29 38.31 45.66 38.27 31.48 42.02 32.20 43.09 68.76 35.49 55.77 20.57 20.25 28.93 24.84 44.12 35.47 21.97 3.47 34.85 39.16 52.58 33.87 26.84 44.42 33.99 27.99 34.62 44.91 61.55 40.33 30.59 30.14 29.98 27.48 27.86 37.49 43.66
6.95 7.05 28.21 31.49 29.44 15.52 7.15 44.43 11.66 24.23 19.29 14.86 24.93 38.77 23.65 20.68 18.44 22.23 20.55 27.55 21.54 0.00 34.34 38.26 10.35 19.42 23.41 23.61 25.98 36.20 33.41 28.57 18.50 28.84 9.22 30.82 36.71 20.88 25.70 29.90 33.87 71.52 28.93 20.48 15.71 32.68 16.42 28.57 47.85 34.70 11.61 22.18 19.25 12.43 24.32 26.34 26.23 13.71 54.19 38.18 34.97 21.27 19.24 28.94 37.87 22.62 18.09 26.38 24.78 35.66 53.11 19.84 39.42 40.31 12.82 13.28 17.41 32.33 19.82 15.11 23.46 27.42 23.51 43.45 19.95 11.19 28.77 21.50 46.32 27.25 23.37 45.90 31.37 16.07 14.50 18.88 11.83 17.92 22.63 28.00
37.05 27.29 51.43 38.49 39.52 42.83 37.59 57.39 35.74 44.47 48.15 26.51 36.34 40.43 37.15 33.88 37.17 50.27 31.97 56.77 36.14 34.34 0.00 57.44 34.40 45.06 39.39 53.70 50.04 33.02 44.84 61.25 18.69 41.14 29.46 59.76 43.93 41.12 56.15 50.13 52.02 81.59 49.16 40.72 37.90 42.76 46.52 52.62 62.79 53.33 41.70 42.41 47.15 40.63 44.55 46.58 46.47 42.18 70.92 49.83 55.20 42.84 49.34 51.12 50.87 52.55 44.29 56.04 45.01 55.90 83.20 49.94 65.45 15.58 33.05 43.37 37.65 47.15 49.91 45.20 32.67 47.66 53.61 70.76 46.68 41.28 53.45 33.15 56.37 47.48 57.72 76.00 43.36 43.40 44.59 42.78 41.23 35.24 46.68 58.10
31.31 31.59 42.39 18.95 24.58 43.80 34.53 39.13 36.02 15.58 43.65 45.62 50.95 29.62 48.01 48.06 45.83 40.51 46.58 13.28 45.88 38.26 57.44 0.00 37.73 39.86 47.94 42.96 44.15 56.58 25.21 43.08 43.02 21.60 33.76 50.72 21.10 45.41 38.91 8.74 37.09 66.66 50.16 45.01 42.20 27.30 40.78 33.41 58.94 50.52 35.97 17.88 35.24 36.79 48.84 36.06 44.26 38.06 55.48 55.56 36.76 48.77 43.60 54.24 31.32 46.98 39.52 49.01 49.30 60.20 72.47 27.89 64.48 41.87 37.35 37.63 25.42 27.61 44.18 39.47 42.41 43.55 47.87 57.50 36.69 35.55 53.13 51.09 45.57 32.68 56.51 70.26 14.09 43.46 38.86 43.24 36.19 29.30 50.02 50.48
15.72 12.61 36.98 37.05 34.99 12.47 3.20 38.77 15.04 29.79 28.07 7.88 17.96 44.33 25.46 10.80 14.50 31.00 13.58 31.39 27.09 10.35 34.40 37.73 0.00 20.96 16.30 32.38 15.64 41.76 39.43 38.92 24.05 34.40 14.78 39.60 42.27 17.08 21.75 35.45 42.64 77.08 26.61 26.04 23.22 38.23 25.20 18.23 37.51 24.36 14.54 27.73 28.03 21.20 26.18 31.90 31.79 22.48 62.95 31.21 40.52 18.23 28.02 36.44 43.78 30.18 26.86 35.15 30.33 41.22 61.88 17.39 35.48 45.48 18.38 22.05 22.97 41.11 28.59 23.88 29.02 32.98 32.29 40.41 25.96 19.96 35.05 14.52 55.09 32.80 33.72 54.68 40.79 12.13 23.27 27.66 20.61 25.98 12.29 36.78
12.47 22.34 33.73 38.70 35.27 8.48 17.75 49.44 17.18 34.44 24.81 18.55 25.52 49.23 29.17 25.93 17.86 27.75 23.05 33.06 34.11 19.42 45.06 39.86 20.96 0.00 24.63 29.12 36.08 50.84 38.94 41.68 28.09 37.34 23.39 36.34 43.97 29.35 35.21 41.27 39.38 77.35 34.93 35.48 32.86 38.51 21.94 34.59 56.70 44.41 17.12 36.78 24.78 17.95 34.77 41.62 39.94 19.23 59.70 41.88 47.83 14.23 24.76 35.40 48.93 28.14 23.61 31.89 40.05 45.55 58.63 25.36 45.64 41.49 20.80 18.80 24.72 37.85 25.34 20.62 37.58 42.30 29.03 36.41 25.46 16.71 34.29 25.19 51.84 34.26 42.79 51.42 41.66 26.69 20.02 24.40 17.35 23.44 33.24 33.52
21.03 16.35 42.29 40.12 38.71 16.15 18.07 43.76 24.80 33.53 33.37 12.88 5.04 48.06 30.45 5.50 6.78 36.30 9.42 41.55 30.84 23.41 39.39 47.94 16.30 24.63 0.00 37.68 25.00 35.87 43.17 38.08 27.79 37.56 18.52 44.90 45.55 30.18 36.62 39.20 47.94 80.79 10.30 29.78 20.02 41.95 27.24 34.54 36.38 26.27 25.68 31.48 33.33 26.50 25.09 35.64 35.52 27.78 67.48 36.20 44.27 21.90 33.31 33.23 47.52 36.69 32.16 40.45 34.07 44.96 67.19 26.95 37.06 49.16 22.12 27.35 26.71 46.41 33.90 29.18 32.76 36.72 37.59 44.08 34.02 25.26 22.14 19.52 58.83 36.54 46.77 59.98 40.22 27.00 13.51 31.84 25.91 29.72 23.80 42.08
16.66 26.52 4.65 24.01 24.93 35.62 30.16 55.63 21.37 32.48 29.00 38.36 41.87 38.66 33.36 43.14 41.46 31.93 39.90 37.25 39.26 23.61 53.70 42.96 32.38 29.12 37.68 0.00 43.45 55.02 28.81 45.86 36.50 26.66 27.58 12.97 29.45 38.72 24.71 38.30 37.43 62.77 45.91 37.04 37.05 28.16 23.13 38.77 60.89 52.16 21.31 33.47 28.96 22.13 38.96 45.81 45.70 23.41 30.62 51.24 41.81 38.87 25.46 39.59 36.38 32.32 16.23 14.52 44.24 49.73 29.50 29.55 49.83 41.62 24.99 22.98 28.91 32.66 23.20 24.81 42.73 46.48 33.22 54.02 29.65 20.89 38.48 40.39 22.71 15.38 46.98 55.61 28.88 37.83 24.20 28.59 21.54 27.62 44.61 37.71
26.79 28.25 46.55 40.38 38.53 27.59 18.84 23.58 30.68 28.57 39.13 23.53 27.80 43.47 41.09 26.44 18.22 42.06 23.42 47.04 42.73 25.98 50.04 44.15 15.64 36.08 25.00 43.45 0.00 57.40 38.22 25.65 39.69 43.02 30.42 50.52 45.81 32.72 37.39 35.41 51.04 80.61 35.30 41.68 38.86 40.30 36.26 33.87 53.15 8.72 30.18 30.92 39.09 32.27 41.82 47.54 47.43 33.55 66.26 46.84 56.16 33.34 39.08 49.72 52.75 42.45 37.93 46.22 45.97 50.80 67.20 33.03 51.12 60.15 34.02 33.12 38.42 46.91 39.66 34.95 44.66 48.62 43.35 42.86 39.79 31.03 44.90 30.16 59.41 45.68 49.36 65.74 45.16 27.77 34.34 38.72 31.67 37.76 27.93 47.84
38.37 29.15 52.27 37.62 32.00 50.45 41.66 64.36 37.61 41.95 50.01 44.23 40.91 49.77 55.07 41.38 42.65 52.13 45.29 58.97 38.01 36.20 33.02 56.58 41.76 50.84 35.87 55.02 57.40 0.00 37.33 55.19 40.59 38.09 31.32 60.59 43.06 42.98 55.41 48.79 44.50 74.08 46.17 42.58 39.76 35.23 47.84 55.03 64.66 62.13 43.02 44.27 49.01 42.49 46.41 48.44 48.33 44.05 63.41 66.39 55.43 44.70 50.66 52.98 50.00 54.04 46.15 57.80 46.87 57.76 84.53 51.26 71.54 17.44 34.91 44.12 39.51 44.15 51.24 46.52 34.54 49.52 54.93 64.92 44.10 42.61 58.01 48.66 65.71 42.78 59.58 77.32 42.49 35.08 45.91 44.64 43.09 42.52 52.16 54.25
26.46 26.82 24.16 10.96 5.33 45.81 37.29 33.72 28.37 9.64 38.80 41.91 46.28 23.10 43.16 45.87 48.41 34.58 43.20 38.49 40.51 33.41 44.84 25.21 39.43 38.94 43.17 28.81 38.22 37.33 0.00 17.87 33.91 11.43 28.99 32.48 16.40 39.77 28.74 16.48 17.84 47.41 44.22 36.32 33.26 2.09 33.54 27.48 48.68 40.52 25.95 11.98 34.53 31.94 41.51 30.13 39.49 33.22 30.26 38.70 19.90 42.40 37.00 46.48 23.34 41.33 20.28 33.25 38.46 55.43 58.31 34.59 59.63 29.27 29.73 32.52 19.48 17.48 35.91 34.62 43.23 35.56 33.69 38.25 17.43 30.70 48.29 46.33 39.05 16.12 31.30 65.42 15.83 40.52 34.01 38.40 31.35 17.35 49.83 31.55
29.21 33.96 42.02 28.82 23.20 44.09 35.72 15.85 25.50 27.50 41.55 43.11 33.04 40.97 45.91 36.96 42.61 44.48 37.41 41.70 48.45 28.57 61.25 43.08 38.92 41.68 38.08 45.86 25.65 55.19 17.87 0.00 45.40 29.29 31.79 50.35 34.27 47.79 46.61 34.34 35.70 65.28 48.38 47.38 41.19 19.96 38.68 42.93 64.38 34.37 33.86 29.85 41.51 34.68 51.22 48.00 53.13 35.96 48.12 56.57 37.77 49.84 41.49 47.91 41.20 44.87 38.14 48.63 51.68 43.07 59.47 42.09 62.38 47.13 36.70 35.53 37.35 35.34 42.08 37.36 45.68 53.43 45.77 35.13 35.30 33.44 50.13 49.74 56.91 33.98 49.16 68.16 33.69 43.58 36.75 41.13 34.09 35.22 51.20 49.41
19.84 11.44 39.96 34.20 28.57 33.13 23.95 51.83 19.89 28.62 32.19 20.95 31.02 21.73 36.55 28.32 31.80 34.42 26.64 38.08 25.93 18.50 18.69 43.02 24.05 28.09 27.79 36.50 39.69 40.59 33.91 45.40 0.00 33.23 13.61 43.72 39.65 25.27 42.49 34.29 41.08 70.66 33.31 24.87 22.05 31.82 29.32 37.32 52.58 48.00 24.50 26.57 31.30 24.78 28.70 30.73 30.62 26.60 59.98 44.27 39.36 28.62 32.13 35.27 42.61 35.51 28.44 39.27 29.16 40.05 66.00 32.73 53.02 34.27 17.21 26.17 21.80 40.73 32.72 28.00 27.85 31.80 36.41 61.06 30.82 24.08 41.66 27.58 37.68 31.63 41.87 58.80 39.07 27.55 27.39 26.93 24.73 16.55 34.45 40.90
24.87 21.79 26.37 2.65 6.09 43.11 34.29 34.27 27.96 14.45 36.98 36.87 42.60 23.87 41.56 42.41 43.96 27.46 40.51 34.88 32.81 28.84 41.14 21.60 34.40 37.34 37.56 26.66 43.02 38.09 11.43 29.29 33.23 0.00 23.96 34.70 8.09 35.61 17.32 20.45 18.60 48.18 43.66 35.21 30.30 9.34 34.30 32.29 37.90 43.95 29.52 12.11 26.22 30.34 39.05 34.94 40.26 31.62 37.51 39.26 20.46 38.97 37.16 43.52 15.03 35.38 21.04 34.02 39.51 50.40 56.16 26.29 58.04 25.57 27.55 31.19 17.46 11.30 36.67 33.02 36.28 27.25 35.59 39.02 18.20 28.14 46.69 41.29 39.81 16.88 38.54 63.82 7.52 37.90 32.41 36.80 29.75 18.12 44.79 32.31
10.93 2.17 30.69 26.16 24.55 20.98 14.68 39.91 6.29 19.35 22.38 17.25 23.56 33.88 27.62 23.80 24.34 25.15 20.89 31.52 16.66 9.22 29.46 33.76 14.78 23.39 18.52 27.58 30.42 31.32 28.99 31.79 13.61 23.96 0.00 34.80 31.60 16.00 33.23 25.02 37.06 66.64 24.05 15.60 12.78 27.80 20.39 23.71 43.30 39.14 15.58 17.30 22.03 15.51 19.43 21.46 21.34 17.26 55.97 40.58 30.09 19.36 23.21 26.00 33.34 26.59 19.17 30.18 19.89 30.78 57.09 23.82 44.09 35.68 4.91 17.25 12.53 34.81 23.80 19.08 18.58 22.54 27.48 48.91 17.21 15.16 32.74 21.68 44.65 22.36 32.59 49.88 26.82 18.28 18.47 17.66 15.80 15.54 25.18 31.98
23.88 33.74 8.32 34.21 28.60 39.52 37.38 61.27 28.59 36.16 36.22 45.58 48.86 46.37 40.58 50.36 48.68 39.15 47.12 44.47 46.48 30.82 59.76 50.72 39.60 36.34 44.90 12.97 50.52 60.59 32.48 50.35 43.72 34.70 34.80 0.00 39.65 45.94 28.39 41.98 41.11 66.45 53.13 46.89 44.27 31.84 26.80 45.99 67.88 59.24 28.53 38.51 36.18 29.35 46.18 53.03 52.91 30.63 27.93 58.46 52.02 42.55 29.14 46.65 46.59 39.54 19.91 18.19 51.46 56.95 42.48 36.77 57.05 45.29 32.21 30.20 36.12 39.41 26.88 32.03 49.95 53.70 40.44 51.33 36.87 28.11 45.70 47.61 34.11 19.05 54.20 62.83 38.92 45.05 31.42 35.80 28.75 34.84 48.29 44.93
31.84 29.66 31.32 5.44 11.07 50.81 41.94 37.06 30.66 17.24 44.18 44.74 48.06 28.84 44.41 50.50 51.83 30.25 48.38 34.38 40.90 36.71 43.93 21.10 42.27 43.97 45.55 29.45 45.81 43.06 16.40 34.27 39.65 8.09 31.60 39.65 0.00 40.17 25.41 12.36 23.57 53.15 51.53 42.06 33.09 14.31 39.28 35.08 43.04 46.74 36.49 14.89 29.01 36.95 46.91 37.73 45.23 30.73 42.48 42.05 23.25 46.84 42.74 46.30 17.82 38.18 26.02 38.99 45.84 58.27 58.95 29.07 65.00 28.36 35.42 38.16 20.25 14.10 41.65 39.99 44.37 30.05 40.57 43.99 23.18 30.94 53.66 49.16 44.79 21.86 43.52 68.35 10.30 45.77 39.38 43.77 36.72 23.09 52.66 37.29
22.07 13.83 42.26 34.73 34.45 20.87 13.88 54.60 22.28 31.00 31.05 24.96 34.75 45.54 15.91 27.41 25.18 36.80 30.38 42.08 28.31 20.88 41.12 45.41 17.08 29.35 30.18 38.72 32.72 42.98 39.77 47.79 25.27 35.61 16.00 45.94 40.17 0.00 32.43 36.67 46.95 76.53 35.70 27.25 24.44 37.69 31.54 35.31 54.59 41.44 25.22 28.95 33.68 27.16 31.09 33.12 33.00 28.82 65.86 48.29 41.74 26.62 34.36 37.66 44.99 37.73 30.82 41.49 31.55 42.44 68.22 28.07 46.16 47.33 19.59 28.39 24.19 43.38 34.94 24.45 30.23 34.19 38.62 48.80 33.21 26.30 43.88 26.84 56.30 34.02 44.25 61.02 39.59 22.81 29.61 29.32 26.95 27.20 22.64 43.12
32.01 31.05 20.07 19.96 23.41 26.73 18.55 51.59 30.39 31.77 19.66 29.64 39.42 41.18 34.81 32.08 29.84 39.22 35.05 46.74 45.54 25.70 56.15 38.91 21.75 35.21 36.62 24.71 37.39 55.41 28.74 46.61 42.49 17.32 33.23 28.39 25.41 32.43 0.00 37.77 35.91 65.49 46.92 44.48 41.41 26.65 38.55 39.98 55.21 46.11 29.89 29.42 37.63 37.48 29.63 50.34 49.11 38.38 46.04 52.95 37.77 32.48 40.88 47.37 32.34 45.52 31.64 29.93 48.77 59.66 54.22 32.74 50.83 42.88 36.82 38.33 34.77 28.62 38.62 40.16 47.47 44.57 48.56 54.66 35.52 36.24 37.69 36.27 45.85 30.80 49.06 70.95 24.83 27.48 39.55 43.94 36.88 35.43 34.04 49.63
28.80 22.84 33.65 17.80 16.79 44.49 35.23 32.61 31.30 6.83 41.01 37.93 44.23 21.73 45.50 44.48 45.02 31.77 41.57 22.02 37.33 29.90 50.13 8.74 35.45 41.27 39.20 38.30 35.41 48.79 16.48 34.34 34.29 20.45 25.02 41.98 12.36 36.67 37.77 0.00 29.30 58.87 41.41 36.27 33.45 18.57 36.70 24.67 55.40 44.13 33.45 9.13 41.11 33.66 40.11 27.32 42.02 35.55 46.73 51.19 35.61 40.03 41.09 46.68 30.18 38.52 31.73 40.27 40.56 51.45 67.81 36.63 61.97 40.72 28.61 35.12 16.68 26.46 41.67 36.95 39.26 42.41 45.36 49.71 28.89 33.04 50.62 42.35 37.68 23.94 47.77 67.75 22.66 38.95 36.34 38.34 33.68 20.55 45.85 43.01
26.91 34.89 32.78 18.14 12.51 47.24 40.43 47.95 31.62 22.46 39.26 48.62 52.13 30.28 43.62 53.40 51.72 42.19 50.16 46.62 47.68 33.87 52.02 37.09 42.64 39.38 47.94 37.43 51.04 44.50 17.84 35.70 41.08 18.60 37.06 41.11 23.57 46.95 35.91 29.30 0.00 54.59 56.18 43.49 40.43 15.75 36.38 40.30 55.86 58.36 31.57 24.80 39.22 32.39 48.69 42.95 46.67 33.67 29.27 46.91 35.94 49.57 39.20 49.84 30.51 42.58 27.45 40.43 47.28 59.99 66.94 39.80 60.09 36.45 35.25 33.24 32.30 24.66 39.79 35.07 50.40 42.74 42.01 45.43 24.61 31.15 48.73 50.65 46.22 23.29 44.95 65.86 23.00 48.09 34.46 38.84 31.80 24.53 54.93 38.73
64.99 64.47 58.12 47.71 42.08 84.89 76.95 77.53 65.11 52.04 52.92 79.02 82.94 59.85 68.06 85.97 84.11 72.48 78.91 76.20 77.25 71.52 81.59 66.66 77.08 77.35 80.79 62.77 80.61 74.08 47.41 65.28 70.66 48.18 66.64 66.45 53.15 76.53 65.49 58.87 54.59 0.00 86.34 73.07 70.00 45.32 70.29 69.87 85.43 87.93 69.64 54.38 70.89 70.47 62.88 72.53 76.25 71.75 73.49 76.48 65.52 79.14 73.75 80.62 60.09 80.45 57.02 67.98 76.86 93.08 92.28 71.34 98.16 66.02 70.23 71.31 61.88 54.23 72.66 73.14 79.98 72.31 71.58 75.00 54.19 69.23 70.95 79.00 75.80 52.87 74.53 103.94 52.58 80.58 72.53 76.92 69.87 54.10 87.47 68.30
29.26 21.88 50.02 46.31 44.26 26.45 28.37 54.06 30.33 34.58 41.60 23.18 15.34 49.48 40.75 15.80 17.07 44.54 19.71 49.86 36.36 28.93 49.16 50.16 26.61 34.93 10.30 45.91 35.30 46.17 44.22 48.38 33.31 43.66 24.05 53.13 51.53 35.70 46.92 41.41 56.18 86.34 0.00 35.30 30.32 46.31 37.54 44.84 46.69 36.56 33.91 36.93 41.56 29.79 35.39 41.16 41.05 36.02 74.48 46.50 49.79 23.34 41.55 43.54 53.05 44.93 38.88 48.69 39.59 50.48 75.42 37.24 47.37 50.61 27.64 35.59 32.23 54.64 42.13 37.41 38.29 42.24 45.82 54.38 41.26 33.49 32.44 29.82 64.35 42.06 52.30 68.21 50.52 37.30 23.81 24.54 30.39 35.24 34.11 50.31
23.02 13.43 41.53 36.62 30.99 35.12 25.93 54.20 21.88 30.61 34.29 28.51 34.81 45.14 39.72 35.05 35.60 36.41 32.15 43.61 27.91 20.48 40.72 45.01 26.04 35.48 29.78 37.04 41.68 42.58 36.32 47.38 24.87 35.21 15.60 46.89 42.06 27.25 44.48 36.27 43.49 73.07 35.30 0.00 24.04 34.23 32.48 39.30 54.56 50.40 27.67 28.55 33.28 26.77 30.69 32.72 32.60 29.77 62.40 44.23 25.43 30.61 35.30 37.26 44.59 38.68 30.43 42.17 31.14 42.04 66.55 35.91 56.19 46.93 19.19 29.34 23.79 43.14 35.88 31.17 29.84 33.79 39.58 63.05 32.81 27.25 44.84 32.93 55.90 33.62 43.85 61.97 41.48 29.54 30.56 28.91 27.36 26.80 36.43 44.07
20.39 10.61 38.44 27.64 27.93 31.23 22.86 45.27 15.69 27.79 31.47 25.05 14.97 42.33 37.09 25.52 24.55 33.59 19.35 40.98 25.09 15.71 37.90 42.20 23.22 32.86 20.02 37.05 38.86 39.76 33.26 41.19 22.05 30.30 12.78 44.27 33.09 24.44 41.41 33.45 40.43 70.00 30.32 24.04 0.00 31.16 29.86 33.11 46.32 40.71 25.05 25.73 30.09 23.95 27.87 29.90 29.79 26.66 59.34 48.37 38.52 27.80 32.68 13.22 40.02 35.87 26.86 39.36 28.33 39.22 66.55 33.28 53.56 44.12 16.38 26.71 20.97 36.30 33.26 28.55 27.02 30.98 36.95 59.16 26.62 24.62 32.08 30.12 53.09 30.80 39.09 59.34 32.51 26.72 27.94 26.10 24.55 23.98 33.62 41.45
26.15 25.62 23.52 8.87 3.24 43.73 38.11 35.80 26.28 11.73 37.09 40.18 44.19 21.01 42.84 47.12 47.74 33.69 44.32 37.36 38.41 32.68 42.76 27.30 38.23 38.51 41.95 28.16 40.30 35.23 2.09 19.96 31.82 9.34 27.80 31.84 14.31 37.69 26.65 18.57 15.75 45.32 46.31 34.23 31.16 0.00 31.45 29.57 46.59 42.61 28.04 14.08 32.44 31.62 39.42 32.22 37.41 32.91 28.17 37.64 21.99 40.30 34.91 44.38 21.25 41.61 18.18 31.16 36.37 54.23 57.67 32.51 59.32 27.18 27.64 30.44 21.57 15.39 33.81 34.30 41.13 33.48 32.74 36.16 15.35 30.39 47.18 45.13 36.95 14.03 29.21 65.10 13.73 41.73 33.70 38.08 31.03 15.26 48.63 29.46
9.47 19.28 18.48 33.84 28.21 29.80 22.98 49.45 14.18 31.44 21.81 31.18 32.28 45.98 26.17 32.74 34.02 24.75 32.71 30.07 32.07 16.42 46.52 40.78 25.20 21.94 27.24 23.13 36.26 47.84 33.54 38.68 29.32 34.30 20.39 26.80 39.28 31.54 38.55 36.70 36.38 70.29 37.54 32.48 29.86 31.45 0.00 31.59 53.70 44.98 14.12 33.78 21.78 14.95 31.78 38.57 38.45 16.23 44.45 44.05 44.05 35.55 21.76 32.40 45.93 25.14 20.61 28.34 37.00 42.55 52.63 22.36 42.64 42.83 17.80 15.79 21.72 34.85 22.34 17.62 35.54 39.30 26.03 57.51 22.46 13.71 31.29 33.20 44.27 29.21 39.79 48.42 38.66 30.64 17.02 21.40 14.35 20.44 37.48 30.53
22.12 25.88 38.95 29.64 27.79 30.71 21.43 43.61 17.43 17.84 32.63 26.12 36.19 32.73 38.82 29.03 32.73 37.40 31.81 42.72 40.37 28.57 52.62 33.41 18.23 34.59 34.54 38.77 33.87 55.03 27.48 42.93 37.32 32.29 23.71 45.99 35.08 35.31 39.98 24.67 40.30 69.87 44.84 39.30 33.11 29.57 31.59 0.00 55.73 42.59 26.78 20.18 34.43 27.59 42.59 38.33 45.05 28.40 57.73 49.44 47.38 36.45 34.41 45.05 42.01 37.79 30.98 41.32 43.60 54.49 68.28 35.01 53.70 51.73 28.62 28.45 27.68 38.29 34.99 30.28 42.29 46.24 38.68 58.63 28.36 26.36 43.94 32.75 48.68 34.94 51.95 61.07 34.50 30.36 29.66 34.05 27.00 31.55 30.52 43.18
44.23 41.13 59.55 39.99 43.35 48.38 40.70 59.95 39.54 51.79 55.63 41.41 31.35 61.12 57.16 41.89 40.92 59.51 35.72 59.25 26.65 47.85 62.79 58.94 37.51 56.70 36.38 60.89 53.15 64.66 48.68 64.38 52.58 37.90 43.30 67.88 43.04 54.59 55.21 55.40 55.86 85.43 46.69 54.56 46.32 46.59 53.70 55.73 0.00 57.08 48.89 49.45 56.54 49.71 51.40 60.43 60.31 50.52 74.76 64.73 57.80 46.52 56.52 59.54 52.37 59.90 53.09 63.44 58.86 69.75 90.39 54.90 72.98 47.22 46.90 50.56 51.50 48.65 57.11 48.62 30.12 61.50 60.80 76.27 50.47 48.47 48.45 48.05 54.64 54.13 71.22 83.19 44.86 49.63 49.90 56.16 49.12 54.51 49.79 65.29
35.51 36.97 55.27 41.30 45.85 35.94 27.56 32.30 39.40 37.30 47.35 27.05 25.73 52.19 44.62 20.76 26.56 50.79 21.36 54.66 51.45 34.70 53.33 50.52 24.36 44.41 26.27 52.16 8.72 62.13 40.52 34.37 48.00 43.95 39.14 59.24 46.74 41.44 46.11 44.13 58.36 87.93 36.56 50.40 40.71 42.61 44.98 42.59 57.08 0.00 38.90 39.64 47.81 40.98 45.35 56.26 56.15 42.27 70.78 50.38 59.11 35.52 47.80 53.93 53.68 51.18 46.65 54.94 54.69 59.52 75.92 41.75 52.32 62.79 42.73 41.84 47.14 49.96 48.38 43.66 53.38 50.36 52.07 51.58 48.51 39.74 42.84 33.69 68.14 54.40 58.08 74.46 36.44 36.49 28.87 47.44 40.39 46.48 36.65 56.56
4.66 14.52 24.94 31.36 27.57 20.62 11.34 44.64 9.37 26.62 17.00 22.43 29.87 41.42 21.36 24.87 22.64 19.93 27.84 25.25 27.25 11.61 41.70 35.97 14.54 17.12 25.68 21.31 30.18 43.02 25.95 33.86 24.50 29.52 15.58 28.53 36.49 25.22 29.89 33.45 31.57 69.64 33.91 27.67 25.05 28.04 14.12 26.78 48.89 38.90 0.00 28.96 16.96 10.13 26.96 33.81 33.70 11.41 50.91 39.24 40.01 26.37 16.95 27.59 41.11 20.32 15.79 24.08 32.24 37.73 50.81 17.55 37.83 38.02 12.99 10.98 16.91 30.04 17.53 12.81 30.73 34.48 21.21 48.55 17.65 8.89 26.48 28.39 44.02 26.44 34.98 43.61 33.85 20.27 12.20 16.59 9.54 15.62 26.82 25.71
24.31 15.12 30.18 9.46 12.30 36.82 27.60 28.12 23.58 2.35 31.88 30.21 36.52 17.24 41.01 36.76 37.30 27.28 33.85 31.16 29.61 22.18 42.41 17.88 27.73 36.78 31.48 33.47 30.92 44.27 11.98 29.85 26.57 12.11 17.30 38.51 14.89 28.95 29.42 9.13 24.80 54.38 36.93 28.55 25.73 14.08 33.78 20.18 49.45 39.64 28.96 0.00 33.02 28.46 32.38 22.84 34.30 31.07 42.24 46.06 27.26 32.31 36.60 38.95 21.83 34.03 27.25 35.78 32.84 43.73 62.97 33.09 57.48 32.37 20.89 30.64 12.19 18.11 37.18 32.47 31.54 34.06 40.87 45.22 24.41 28.55 46.13 34.63 33.19 19.45 43.28 63.26 14.32 31.23 31.86 30.62 29.06 16.07 38.13 38.52
12.30 19.86 33.57 23.57 29.20 32.63 25.82 47.81 17.02 34.27 17.97 34.01 37.52 38.30 29.00 38.79 37.11 27.58 35.54 21.96 34.06 19.25 47.15 35.24 28.03 24.78 33.33 28.96 39.09 49.01 34.53 41.51 31.30 26.22 22.03 36.18 29.01 33.68 37.63 41.11 39.22 70.89 41.56 33.28 30.09 32.44 21.78 34.43 56.54 47.81 16.96 33.02 0.00 17.78 27.94 39.15 39.03 19.06 59.13 46.89 41.38 37.04 24.59 35.23 35.95 27.97 23.44 31.73 37.58 45.38 58.47 25.20 45.48 45.66 20.64 18.63 24.55 32.23 25.18 20.46 36.27 40.22 28.87 35.73 25.30 16.54 34.12 36.04 50.94 34.09 42.62 51.26 28.44 33.48 19.85 24.23 17.18 23.28 40.31 33.36
5.48 13.34 23.00 31.50 28.39 18.11 18.98 43.78 10.19 26.82 17.82 27.18 30.69 41.64 22.18 31.96 27.48 20.75 28.71 26.07 27.82 12.43 40.63 36.79 21.20 17.95 26.50 22.13 32.27 42.49 31.94 34.68 24.78 30.34 15.51 29.35 36.95 27.16 37.48 33.66 32.39 70.47 29.79 26.77 23.95 31.62 14.95 27.59 49.71 40.98 10.13 28.46 17.78 0.00 27.78 32.63 32.52 12.23 48.97 40.06 40.83 23.86 17.77 28.41 41.33 21.14 16.61 24.90 31.06 38.55 51.63 18.37 38.65 38.84 13.81 11.80 17.73 30.86 18.34 13.63 29.75 33.70 22.04 46.04 18.47 9.71 27.30 29.21 44.84 27.26 35.80 44.43 34.67 26.65 13.02 17.41 0.59 16.45 33.48 26.53
22.30 17.26 43.57 41.70 36.18 37.09 29.38 49.18 25.71 34.44 9.96 18.30 20.05 48.98 25.11 25.67 29.14 29.52 23.99 42.90 31.75 24.32 44.55 48.84 26.18 34.77 25.09 38.96 41.82 46.41 41.51 51.22 28.70 39.05 19.43 46.18 46.91 31.09 29.63 40.11 48.69 62.88 35.39 30.69 27.87 39.42 31.78 42.59 51.40 45.35 26.96 32.38 27.94 27.78 0.00 36.55 36.44 29.06 67.59 41.62 45.18 34.45 34.59 37.67 48.43 37.97 33.44 41.73 34.98 45.87 68.47 35.20 55.48 50.77 23.03 28.63 27.62 47.69 35.18 30.46 33.67 37.62 38.87 63.67 25.25 26.54 27.99 24.93 42.93 34.73 47.69 61.26 46.25 33.37 29.85 32.75 27.19 30.63 38.47 43.36
29.16 19.29 47.81 32.29 30.45 40.98 31.80 46.27 27.75 20.49 40.15 34.38 40.68 35.38 45.86 40.92 41.47 42.27 38.02 49.34 33.77 26.34 46.58 36.06 31.90 41.62 35.64 45.81 47.54 48.44 30.13 48.00 30.73 34.94 21.46 53.03 37.73 33.12 50.34 27.32 42.95 72.53 41.16 32.72 29.90 32.22 38.57 38.33 60.43 56.26 33.81 22.84 39.15 32.63 36.55 0.00 38.47 35.91 60.39 57.70 47.20 36.48 41.45 43.12 44.66 44.55 36.29 48.04 37.01 47.90 75.31 42.05 62.33 52.80 25.05 35.48 29.65 40.95 42.02 37.31 35.70 39.66 45.72 63.37 38.68 33.39 50.98 38.80 51.33 37.59 49.72 68.11 37.16 35.40 36.70 34.78 33.23 32.66 42.30 50.21
29.04 19.18 47.08 39.80 34.16 31.46 30.55 56.83 27.63 36.36 40.04 34.26 40.56 47.32 26.18 37.80 40.83 42.16 37.90 30.98 33.66 26.23 46.47 44.26 31.79 39.94 35.52 45.70 47.43 48.33 39.49 53.13 30.62 40.26 21.34 52.91 45.23 33.00 49.11 42.02 46.67 76.25 41.05 32.60 29.79 37.41 38.45 45.05 60.31 56.15 33.70 34.30 39.03 32.52 36.44 38.47 0.00 35.80 65.58 57.58 47.09 36.36 41.33 43.01 50.34 44.43 36.18 47.92 36.90 47.79 75.20 16.37 62.21 52.68 24.94 35.37 29.54 46.31 41.91 34.72 35.59 39.54 45.60 59.38 38.56 33.27 50.86 37.11 61.65 39.37 49.60 67.99 44.66 35.29 36.59 29.91 33.11 32.55 42.18 50.09
6.75 16.62 28.02 33.46 29.66 27.09 19.84 46.45 10.97 28.72 19.09 28.46 31.97 43.52 23.46 33.24 31.13 22.03 30.00 27.35 29.36 13.71 42.18 38.06 22.48 19.23 27.78 23.41 33.55 44.05 33.22 35.96 26.60 31.62 17.26 30.63 30.73 28.82 38.38 35.55 33.67 71.75 36.02 29.77 26.66 32.91 16.23 28.40 50.52 42.27 11.41 31.07 19.06 12.23 29.06 35.91 35.80 0.00 53.99 41.34 42.11 32.84 19.05 29.68 43.21 22.42 17.89 26.18 34.34 39.83 52.91 19.64 39.93 26.61 15.09 13.08 19.00 32.13 19.62 14.91 32.83 36.58 23.32 54.80 19.75 10.99 28.57 30.49 46.12 28.54 37.08 38.51 35.95 27.93 14.30 18.68 11.63 17.73 34.77 27.81
47.23 53.80 25.97 37.04 31.41 51.33 60.59 42.68 50.63 39.90 59.58 68.34 68.36 49.18 61.21 72.98 60.70 61.86 65.91 65.53 66.59 54.19 70.92 55.48 62.95 59.70 67.48 30.62 66.26 63.41 30.26 48.12 59.98 37.51 55.97 27.93 42.48 65.86 46.04 46.73 29.27 73.49 74.48 62.40 59.34 28.17 44.45 57.73 74.76 70.78 50.91 42.24 59.13 48.97 67.59 60.39 65.58 53.99 0.00 65.81 50.16 57.08 46.78 69.98 49.41 62.90 37.55 35.84 64.54 69.90 60.12 56.69 80.41 55.35 55.57 53.56 49.75 43.56 44.52 55.39 69.31 61.65 60.91 23.40 43.52 51.47 69.06 70.97 51.76 36.70 57.38 86.19 41.91 68.41 54.78 59.16 49.56 43.43 65.93 57.63
34.59 38.41 54.68 36.61 34.40 43.55 34.41 54.20 39.30 44.36 46.93 23.32 33.39 52.17 40.89 30.70 34.17 49.86 29.02 55.18 52.89 38.18 49.83 55.56 31.21 41.88 36.20 51.24 46.84 66.39 38.70 56.57 44.27 39.26 40.58 58.46 42.05 48.29 52.95 51.19 46.91 76.48 46.50 44.23 48.37 37.64 44.05 49.44 64.73 50.38 39.24 46.06 46.89 40.06 41.62 57.70 57.58 41.34 65.81 0.00 18.80 43.18 46.88 57.52 48.98 50.25 45.72 54.01 56.12 67.02 80.75 47.48 62.26 58.34 42.92 40.91 46.84 45.27 47.45 42.74 54.81 58.02 51.15 67.32 46.51 38.82 50.49 29.96 68.11 45.19 61.55 73.53 41.48 43.34 42.13 46.52 39.47 45.55 43.49 55.64
35.36 27.91 43.69 17.80 23.43 48.76 40.42 49.43 36.37 29.54 47.70 42.12 49.30 41.20 52.05 49.50 50.09 42.62 46.64 50.04 42.40 34.97 55.20 36.76 40.52 47.83 44.27 41.81 56.16 55.43 19.90 37.77 39.36 20.46 30.09 52.02 23.25 41.74 37.77 35.61 35.94 65.52 49.79 25.43 38.52 21.99 44.05 47.38 57.80 59.11 40.01 27.26 41.38 40.83 45.18 47.20 47.09 42.11 50.16 18.80 0.00 45.10 47.65 51.75 30.18 50.54 38.38 51.36 45.63 56.52 71.32 41.44 68.53 40.72 33.68 41.68 32.62 26.46 48.23 43.51 44.33 42.41 51.91 56.36 35.54 39.59 57.18 47.42 57.15 34.22 51.20 74.31 22.67 44.02 42.90 43.41 40.23 35.45 50.92 49.66
26.08 17.18 34.22 41.62 37.06 5.75 15.03 50.74 25.64 34.37 38.05 19.86 18.54 48.90 37.43 27.23 15.12 40.16 14.17 43.09 19.88 21.27 42.84 48.77 18.23 14.23 21.90 38.87 33.34 44.70 42.40 49.84 28.62 38.97 19.36 42.55 46.84 26.62 32.48 40.03 49.57 79.14 23.34 30.61 27.80 40.30 35.55 36.45 46.52 35.52 26.37 32.31 37.04 23.86 34.45 36.48 36.36 32.84 57.08 43.18 45.10 0.00 26.75 41.02 48.36 41.74 34.19 40.04 34.91 45.80 68.38 29.21 47.30 27.26 21.83 32.41 27.55 49.22 38.95 34.23 23.34 37.55 42.64 33.68 36.57 30.32 35.64 26.50 47.87 37.38 44.64 65.03 46.18 23.96 33.62 32.67 23.27 30.55 30.51 42.97
12.29 22.16 20.81 37.30 31.67 21.00 25.80 52.27 17.00 34.26 24.63 30.18 37.51 49.05 28.99 37.55 30.38 27.57 35.53 32.88 32.29 19.24 49.34 43.60 28.02 24.76 33.31 25.46 39.08 50.66 37.00 41.49 32.13 37.16 23.21 29.14 42.74 34.36 40.88 41.09 39.20 73.75 41.55 35.30 32.68 34.91 21.76 34.41 56.52 47.80 16.95 36.60 24.59 17.77 34.59 41.45 41.33 19.05 46.78 46.88 47.65 26.75 0.00 35.22 48.75 27.96 23.43 30.68 39.88 45.37 54.97 25.18 45.46 45.65 20.62 18.62 24.54 37.67 25.16 20.45 35.76 42.12 28.85 48.94 25.29 16.52 34.11 36.02 46.59 31.54 42.61 51.24 41.48 33.47 19.84 24.22 17.17 23.26 40.30 33.34
22.93 23.83 44.02 40.87 41.15 43.26 36.08 32.05 27.64 41.01 27.71 38.27 28.20 55.55 39.63 38.74 37.77 38.20 32.57 43.52 38.31 28.94 51.12 54.24 36.44 35.40 33.23 39.59 49.72 52.98 46.48 47.91 35.27 43.52 26.00 46.65 46.30 37.66 47.37 46.68 49.84 80.62 43.54 37.26 13.22 44.38 32.40 45.05 59.54 53.93 27.59 38.95 35.23 28.41 37.67 43.12 43.01 29.68 69.98 57.52 51.75 41.02 35.22 0.00 53.24 38.59 34.06 42.36 41.55 52.44 69.09 35.82 56.10 56.29 29.59 29.25 34.19 48.31 35.80 31.09 40.24 44.20 39.49 51.34 35.93 27.16 44.75 43.34 60.67 44.02 52.30 61.88 45.73 39.94 30.48 34.86 27.81 33.90 46.84 43.98
36.45 31.17 38.26 12.38 18.00 52.87 43.68 44.00 37.68 24.18 48.65 46.26 52.56 35.77 51.34 49.15 53.34 37.19 49.90 44.61 45.66 37.87 50.87 31.32 43.78 48.93 47.52 36.38 52.75 50.00 23.34 41.20 42.61 15.03 33.34 46.59 17.82 44.99 32.34 30.18 30.51 60.09 53.05 44.59 40.02 21.25 45.93 42.01 52.37 53.68 41.11 21.83 35.95 41.33 48.43 44.66 50.34 43.21 49.41 48.98 30.18 48.36 48.75 53.24 0.00 45.11 32.95 45.93 48.89 59.78 65.89 36.01 69.62 35.29 36.94 42.78 27.19 21.03 48.58 44.61 47.58 36.98 47.51 50.93 30.11 37.87 58.27 50.68 51.72 28.79 50.45 75.28 17.24 47.28 44.00 46.66 41.34 30.03 54.18 44.23
15.67 25.25 36.93 32.73 38.37 35.99 26.98 55.65 20.38 31.69 28.00 37.37 40.88 46.58 32.37 40.51 38.27 30.94 38.91 36.26 38.27 22.62 52.55 46.98 30.18 28.14 36.69 32.32 42.45 54.04 41.33 44.87 35.51 35.38 26.59 39.54 38.18 37.73 45.52 38.52 42.58 80.45 44.93 38.68 35.87 41.61 25.14 37.79 59.90 51.18 20.32 34.03 27.97 21.14 37.97 44.55 44.43 22.42 62.90 50.25 50.54 41.74 27.96 38.59 45.11 0.00 26.80 35.09 42.98 48.74 61.83 28.55 48.84 49.02 24.00 21.99 27.91 41.05 28.54 23.82 41.66 45.49 32.23 63.70 28.66 19.90 37.48 39.40 55.04 37.45 45.98 54.62 37.60 35.91 23.21 27.59 20.55 26.64 42.46 36.72
