0.0 68.48 62.5 64.11 46.81 43.71 113.12 27.05 86.54 50.45 111.48 83.99 46.07 64.32 49.04 60.49 37.76 61.52 47.19 76.43 29.7 19.92 107.67 42.58 79.16 28.47 70.23 46.27 48.81 57.74 41.93 84.35 76.0 45.99 66.71 68.35 74.22 97.06 56.9 81.13 63.39 62.01 83.73 64.61 71.37 66.43 102.95 72.12 103.99 71.35 70.75 69.47 63.1 66.73 86.62 65.67 67.33 94.67 36.59 81.78 80.6 79.35 51.82 60.91 75.39 106.24 95.48 109.77 68.61 110.11 112.06 65.71 69.68 105.83 56.32 96.18 69.52 70.1 89.25 89.84 77.64 116.27 99.31 54.54 113.88 24.21 111.36 75.9 98.85 113.19 68.59 114.83 116.21 118.66 106.21 103.09 52.19 114.18 109.79 83.22
68.48 0.0 31.36 49.19 36.77 65.24 85.51 41.43 52.57 32.97 125.86 61.72 48.22 59.31 42.53 65.19 45.65 83.05 45.74 51.66 54.87 69.27 122.05 66.73 70.19 68.91 52.75 71.43 39.82 66.97 41.49 61.03 45.98 54.77 22.88 52.36 107.82 103.82 26.51 65.87 20.2 83.54 73.69 30.64 76.88 30.31 103.83 19.45 94.47 77.33 60.71 71.62 58.33 22.88 52.24 34.53 57.29 77.06 46.99 71.75 70.57 72.84 59.71 43.44 65.35 120.62 89.92 124.15 34.03 119.64 68.41 55.68 71.83 120.21 77.85 98.94 91.05 60.06 103.63 58.7 80.24 130.65 113.69 76.07 128.26 89.13 125.74 65.87 113.23 127.57 90.12 122.86 100.32 133.04 120.59 117.47 41.67 128.56 124.17 80.21
62.5 31.36 0.0 34.8 15.69 56.64 102.7 35.45 38.18 40.96 119.89 69.86 65.41 61.56 59.73 56.15 49.35 74.44 46.77 71.27 43.54 59.95 116.07 40.46 55.8 68.98 48.24 60.1 24.43 51.58 45.25 53.23 44.89 59.82 8.49 63.27 76.46 72.46 37.42 70.11 32.27 74.93 52.62 16.25 69.2 17.74 111.35 36.64 80.08 67.96 39.63 88.81 37.25 35.62 38.26 3.17 36.21 98.56 25.91 50.67 49.49 57.48 43.37 50.78 44.27 114.64 107.11 118.17 37.49 118.51 85.6 34.6 50.32 114.24 69.24 104.59 82.45 38.98 97.66 27.34 90.56 124.68 107.71 67.47 122.29 80.52 119.77 44.79 107.26 121.59 81.51 108.48 111.23 127.07 114.62 111.49 10.31 122.58 118.19 91.62
64.11 49.19 34.8 0.0 43.77 67.47 120.39 63.53 40.49 39.03 147.96 86.32 64.7 52.91 43.8 49.08 26.35 85.27 51.8 78.25 53.46 49.97 144.15 59.48 61.32 64.52 58.81 58.2 34.35 61.5 30.51 67.84 47.45 44.4 26.32 71.34 95.01 107.09 45.49 81.59 46.97 85.77 80.69 18.56 69.79 24.15 138.71 54.33 79.91 57.92 67.71 88.1 59.92 63.69 40.57 37.97 26.18 126.25 53.98 78.74 77.56 36.42 40.4 49.5 72.35 142.72 119.24 146.25 65.57 146.59 103.29 62.67 85.12 80.24 80.07 105.0 93.28 67.06 125.73 62.14 101.39 138.85 135.79 78.3 150.36 84.49 147.84 72.86 135.33 149.67 92.35 108.31 119.3 155.14 138.65 127.88 45.12 150.66 146.27 119.69
46.81 36.77 15.69 43.77 0.0 40.94 108.22 19.76 49.59 25.27 104.19 56.02 53.65 64.51 55.41 42.83 37.95 58.75 38.03 60.61 37.71 54.12 100.38 46.41 63.06 53.29 32.54 47.16 19.5 46.65 33.79 37.54 29.19 47.07 19.9 47.57 92.16 88.16 21.72 66.31 16.58 59.24 36.92 27.66 53.51 19.62 95.66 48.06 77.81 69.63 23.94 77.05 21.55 19.93 49.68 18.86 20.52 82.86 10.22 34.97 33.8 52.55 27.67 35.09 28.58 98.95 92.71 102.48 21.8 102.82 97.01 18.91 66.01 98.54 53.55 88.89 66.75 23.29 81.96 43.03 74.87 108.98 92.02 51.77 106.59 64.83 104.07 29.1 91.56 105.9 65.82 106.21 95.54 111.37 98.92 95.8 5.38 106.89 102.5 75.93
43.71 65.24 56.64 67.47 40.94 0.0 69.41 40.56 70.84 44.25 124.99 60.52 56.57 71.67 33.35 64.84 48.35 17.8 31.49 75.92 14.01 30.42 121.18 26.89 63.46 25.43 64.04 30.57 33.12 42.04 52.51 42.03 70.13 30.29 56.68 76.56 92.67 90.77 50.71 68.34 57.52 18.3 77.86 48.91 55.67 60.56 108.35 53.04 83.53 63.09 55.64 66.44 19.39 60.87 70.93 59.8 60.19 108.18 50.1 75.91 42.27 63.65 48.23 54.72 53.75 109.48 51.77 123.28 39.51 123.62 102.0 59.85 64.44 119.34 12.61 95.79 25.81 64.23 102.76 83.98 33.92 111.22 112.82 10.83 127.39 23.89 106.79 65.82 112.36 126.7 24.88 111.93 124.52 132.17 71.18 113.76 46.32 127.69 123.3 96.73
113.12 85.51 102.7 120.39 108.22 69.41 0.0 88.46 123.9 113.66 172.89 126.11 94.82 133.15 89.13 129.32 106.59 87.21 100.9 125.17 83.42 99.82 169.08 96.3 132.87 94.83 133.45 99.98 102.53 111.45 106.27 107.63 131.49 99.7 94.21 117.09 162.08 158.47 112.02 137.75 105.7 87.7 145.14 101.97 123.48 115.82 150.43 66.05 152.94 132.49 121.23 118.22 88.8 108.39 98.84 105.87 128.74 156.09 98.01 143.19 111.68 119.44 117.64 124.13 123.16 167.65 121.18 171.18 108.92 166.24 115.01 127.13 118.43 167.25 82.01 157.6 95.22 130.07 150.67 130.04 103.33 177.69 160.72 80.24 175.3 93.29 172.78 135.23 160.27 174.6 94.29 176.24 177.62 180.08 140.59 164.5 113.01 175.59 171.2 144.63
27.05 41.43 35.45 63.53 19.76 40.56 88.46 0.0 69.35 45.03 84.43 72.47 68.46 84.22 45.89 62.59 57.71 58.36 44.03 80.37 26.55 42.96 80.62 39.43 69.68 55.52 52.3 43.12 39.26 54.59 53.55 57.3 48.95 42.83 39.66 67.33 78.02 70.01 41.48 72.24 36.34 58.86 56.68 47.42 67.08 39.38 75.9 60.88 76.94 69.89 43.7 81.18 41.31 39.68 67.01 38.62 40.28 67.63 9.54 54.73 53.55 61.75 47.43 54.85 48.34 79.19 90.55 82.72 41.56 83.06 85.01 38.66 71.35 78.78 53.16 69.13 66.37 43.05 62.2 62.79 72.87 89.22 72.26 51.39 86.83 51.26 84.31 48.85 71.8 86.14 65.44 87.78 89.16 91.61 79.17 76.04 25.14 87.13 82.74 56.17
86.54 52.57 38.18 40.49 49.59 70.84 123.9 69.35 0.0 66.37 153.78 95.47 75.92 67.24 76.17 69.45 62.65 88.65 60.07 88.5 56.84 73.24 149.97 64.63 44.14 90.5 79.94 73.4 37.72 64.87 58.54 87.13 78.78 73.12 29.69 85.76 114.64 69.64 59.91 86.05 66.17 89.14 86.51 21.93 98.5 55.91 142.22 57.85 89.77 73.64 73.53 99.32 71.15 69.52 43.94 41.35 66.66 129.62 59.81 84.56 83.39 70.78 76.7 65.46 78.17 148.54 122.61 152.07 71.39 152.41 106.8 68.5 88.5 120.73 83.45 132.34 96.65 72.88 124.24 65.52 104.77 154.05 141.61 81.68 156.18 94.73 153.67 78.69 141.16 155.49 95.72 118.16 133.72 160.96 142.02 145.39 48.49 156.48 152.09 125.52
50.45 32.97 40.96 39.03 25.27 44.25 113.66 45.03 66.37 0.0 129.46 80.28 47.22 39.25 30.14 32.22 12.69 62.06 12.77 70.83 30.25 36.3 125.64 43.13 60.6 35.94 19.78 44.54 28.64 55.79 8.52 62.8 54.46 21.8 45.17 32.31 108.91 90.9 6.46 59.85 41.84 62.55 62.19 44.44 47.19 44.88 120.93 48.73 83.83 44.36 49.2 70.62 46.82 45.19 66.45 44.13 45.78 108.13 35.48 60.24 59.06 60.45 26.74 10.47 53.85 124.22 96.03 127.74 47.07 128.09 97.68 44.17 70.83 119.27 56.86 65.97 70.06 48.56 107.23 68.3 78.18 125.19 117.28 55.09 131.86 68.14 129.34 54.36 116.83 131.17 69.13 112.23 80.27 136.64 115.44 105.28 30.65 132.16 127.77 101.19
111.48 125.86 119.89 147.96 104.19 124.99 172.89 84.43 153.78 129.46 0.0 156.9 152.9 168.65 130.32 147.02 142.14 142.8 128.47 164.8 110.99 127.39 165.05 123.87 154.11 139.95 136.73 127.55 123.69 139.02 137.98 141.73 133.38 127.27 124.09 151.76 162.45 154.44 125.91 156.68 120.77 143.29 141.11 131.85 151.52 123.81 160.33 145.32 161.37 154.32 128.13 165.61 125.75 124.12 151.44 123.05 124.71 152.06 93.98 139.16 137.99 146.18 131.87 139.28 132.77 163.62 174.99 167.15 125.99 167.49 169.44 123.1 155.79 163.22 137.6 153.57 150.8 127.48 146.64 147.23 157.3 173.66 156.69 135.82 171.27 135.69 168.75 133.29 156.24 170.57 149.87 172.21 173.59 176.05 163.6 160.47 109.57 171.56 167.17 140.6
83.99 61.72 69.86 86.32 56.02 60.52 126.11 72.47 95.47 80.28 156.9 0.0 73.86 76.65 73.62 75.55 88.62 78.32 71.76 71.63 54.28 70.69 153.09 67.16 76.07 61.64 88.56 60.96 73.39 82.31 88.8 18.48 75.78 70.56 75.92 96.14 127.78 102.48 73.83 73.43 41.52 78.81 92.94 83.68 78.48 64.34 84.75 60.06 85.08 79.45 32.08 97.26 77.57 75.95 92.65 66.74 76.54 61.83 63.95 90.99 89.82 103.93 83.69 90.75 83.44 151.66 112.29 155.19 77.82 67.26 109.01 74.93 97.47 151.25 73.12 126.17 86.33 79.31 134.67 97.2 94.44 141.61 144.73 71.35 159.3 84.4 156.78 78.13 144.27 158.61 85.39 113.48 96.5 164.08 131.7 136.57 61.4 159.6 155.21 128.64
46.07 48.22 65.41 64.7 53.65 56.57 94.82 68.46 75.92 47.22 152.9 73.86 0.0 42.86 51.84 35.01 38.35 74.37 34.45 30.36 42.56 26.15 149.08 55.44 71.42 48.87 48.83 59.12 42.13 61.42 42.51 70.34 82.84 28.75 56.92 22.27 120.29 98.99 48.12 57.8 68.41 74.86 90.57 57.92 54.13 73.27 113.14 28.76 102.57 66.05 77.58 23.4 75.2 71.1 49.37 68.58 74.16 125.27 63.86 88.62 87.44 75.18 52.4 57.68 82.23 147.65 99.23 151.18 31.85 128.95 77.71 72.55 23.61 144.94 69.17 113.19 82.38 76.94 117.43 92.75 90.49 139.77 140.72 67.4 155.3 70.29 152.78 82.74 140.27 154.6 81.44 130.97 121.94 160.08 127.75 112.22 56.24 155.6 151.2 124.63
64.32 59.31 61.56 52.91 64.51 71.67 133.15 84.22 67.24 39.25 168.65 76.65 42.86 0.0 44.01 49.29 26.56 89.48 52.01 73.22 57.66 50.18 164.84 70.54 68.76 64.74 46.22 41.1 51.48 78.63 30.73 83.58 93.7 44.62 53.07 65.13 133.5 87.05 45.7 81.8 79.5 89.97 101.43 45.31 70.0 77.06 128.19 67.09 108.97 83.61 88.45 66.26 86.07 82.19 67.32 64.73 79.09 133.08 74.73 99.49 98.31 74.32 40.61 49.71 93.09 163.41 123.44 166.94 74.71 143.91 116.05 83.42 66.47 133.15 84.28 105.22 97.48 87.8 146.42 88.9 95.42 121.75 156.47 82.5 171.05 88.54 168.53 93.61 156.02 170.36 96.55 122.52 119.52 149.28 142.85 128.09 65.6 171.35 166.96 139.52
49.04 42.53 59.73 43.8 55.41 33.35 89.13 45.89 76.17 30.14 130.32 73.62 51.84 44.01 0.0 40.18 17.45 51.15 36.82 82.2 19.34 35.75 126.51 32.22 67.96 55.63 49.92 35.9 38.45 47.37 21.62 64.66 84.6 35.51 51.24 62.45 98.01 96.11 36.6 72.7 62.73 51.64 92.33 54.24 60.89 67.95 107.45 23.08 102.62 68.42 78.26 75.24 52.73 65.41 55.86 62.89 65.52 113.52 55.43 90.38 75.62 30.31 31.51 40.61 83.98 125.08 85.12 128.61 72.85 123.26 72.03 74.31 75.45 124.04 45.95 96.11 59.16 78.69 108.09 87.07 67.27 116.55 118.15 44.18 132.72 57.23 130.21 84.5 117.7 132.03 58.22 117.32 110.41 137.5 104.53 118.98 52.57 133.02 128.63 102.06
60.49 65.19 56.15 49.08 42.83 64.84 129.32 62.59 69.45 32.22 147.02 75.55 35.01 49.29 40.18 0.0 22.73 82.65 44.99 65.36 50.84 46.35 143.21 58.63 62.65 56.79 13.83 54.58 31.72 58.87 26.89 80.37 72.02 40.79 55.28 57.28 113.74 118.51 38.68 32.52 59.41 83.14 79.75 47.52 66.17 62.45 138.49 63.26 115.36 76.59 66.77 58.41 64.39 62.76 69.54 59.32 63.35 125.7 53.05 77.8 76.63 64.78 36.78 42.69 71.41 141.78 116.61 145.31 64.63 142.8 112.21 61.74 58.62 129.32 77.45 98.19 90.65 66.12 124.79 83.49 98.77 135.23 134.85 75.67 149.42 84.7 146.91 71.93 134.4 148.73 89.72 136.0 112.49 154.2 136.02 124.26 45.84 149.72 145.33 118.76
37.76 45.65 49.35 26.35 37.95 48.35 106.59 57.71 62.65 12.69 142.14 88.62 38.35 26.56 17.45 22.73 0.0 66.15 25.45 68.71 34.34 23.62 138.33 47.22 73.29 38.18 32.47 31.85 24.92 52.07 4.17 74.33 67.14 18.06 48.48 44.99 106.94 95.79 19.14 55.24 54.53 66.64 74.87 40.72 43.44 50.5 118.95 40.53 96.52 57.05 61.89 61.75 59.51 57.88 62.73 52.52 52.53 120.81 48.17 72.92 71.75 47.76 14.05 23.15 66.53 136.9 100.12 140.43 59.75 136.07 89.49 56.86 61.96 106.59 60.95 78.66 74.16 61.24 119.91 76.69 82.27 112.51 129.97 59.18 144.54 61.97 142.02 67.05 129.52 143.85 73.22 113.27 92.95 140.04 119.53 101.53 39.04 144.84 140.45 113.88
61.52 83.05 74.44 85.27 58.75 17.8 87.21 58.36 88.65 62.06 142.8 78.32 74.37 89.48 51.15 82.65 66.15 0.0 49.29 93.72 31.81 48.22 138.98 44.69 81.27 43.23 81.84 48.38 50.92 59.84 70.32 59.84 87.94 48.09 74.48 94.37 110.48 108.58 68.52 86.14 75.32 36.1 95.67 66.72 73.48 78.36 126.16 70.85 101.33 80.89 73.44 84.24 37.19 78.67 88.73 77.61 77.99 125.99 67.91 93.72 60.08 81.46 66.04 72.53 71.56 127.28 69.58 141.08 57.31 141.42 119.8 77.65 82.24 137.15 30.41 113.59 43.62 82.04 120.57 101.78 51.73 129.03 130.62 28.64 145.2 41.69 124.59 83.63 130.17 144.5 42.68 129.73 142.33 149.98 88.99 131.57 64.13 145.5 141.1 114.53
47.19 45.74 46.77 51.8 38.03 31.49 100.9 44.03 60.07 12.77 128.47 71.76 34.45 52.01 36.82 44.99 25.45 49.29 0.0 64.81 17.48 33.89 124.65 30.36 66.94 48.71 32.55 34.05 22.35 45.51 21.29 73.52 67.22 33.76 45.9 45.07 96.15 94.25 19.22 58.09 54.61 49.78 74.95 38.14 59.15 57.65 111.83 38.28 96.6 31.6 61.97 57.85 50.88 57.96 60.16 49.94 58.55 111.66 48.25 73.01 71.83 55.4 39.51 23.23 66.61 123.22 83.26 126.75 59.83 127.09 87.24 56.94 58.06 122.82 44.09 78.74 57.3 61.32 106.24 74.11 65.41 114.7 116.29 42.32 130.87 55.37 128.35 67.13 115.84 130.17 56.37 115.46 93.04 135.65 102.67 117.24 36.46 131.17 126.77 100.2
76.43 51.66 71.27 78.25 60.61 75.92 125.17 80.37 88.5 70.83 164.8 71.63 30.36 73.22 82.2 65.36 68.71 93.72 64.81 0.0 72.92 56.51 160.99 80.94 44.36 79.22 79.19 78.86 72.48 91.77 72.87 90.11 89.8 59.1 74.54 52.63 146.72 129.35 64.37 88.16 71.86 94.21 97.53 82.3 72.39 80.23 143.49 59.12 72.21 96.4 84.54 53.76 82.16 74.15 79.72 68.1 81.13 128.72 70.82 95.58 94.4 103.18 82.76 81.3 89.19 159.56 127.69 163.09 62.2 138.89 108.07 79.51 53.97 158.49 88.52 136.8 101.73 83.9 124.47 98.61 109.84 159.51 152.62 86.75 167.2 99.8 164.68 89.7 152.17 166.51 100.79 100.61 138.19 171.98 147.1 130.48 65.99 167.5 163.11 131.87
29.7 54.87 43.54 53.46 37.71 14.01 83.42 26.55 56.84 30.25 110.99 54.28 42.56 57.66 19.34 50.84 34.34 31.81 17.48 72.92 0.0 16.41 107.17 12.88 49.45 36.4 50.03 16.56 19.11 28.03 38.5 56.04 66.9 16.28 42.67 62.56 78.67 76.77 36.71 54.33 54.29 32.3 74.63 34.91 41.66 57.33 94.34 42.42 83.28 49.08 61.65 65.96 33.39 57.63 56.92 46.71 46.18 94.18 36.1 72.68 56.28 49.65 48.39 40.71 66.29 105.74 65.78 109.27 53.51 109.61 91.37 56.62 66.17 105.34 26.61 81.78 39.82 61.0 88.76 70.88 47.93 97.21 98.81 24.84 113.39 37.89 110.87 66.81 98.36 112.69 38.88 97.98 110.52 118.17 85.19 99.75 33.23 113.68 109.29 82.72
19.92 69.27 59.95 49.97 54.12 30.42 99.82 42.96 73.24 36.3 127.39 70.69 26.15 50.18 35.75 46.35 23.62 48.22 33.89 56.51 16.41 0.0 123.58 29.29 65.86 48.39 56.09 32.97 35.52 44.44 27.78 72.45 83.31 32.69 59.08 48.43 94.14 93.18 42.76 70.74 70.7 48.71 91.04 51.32 58.07 73.74 110.75 54.91 99.69 65.49 78.06 49.55 49.8 74.04 73.33 63.12 62.59 110.59 52.5 89.09 72.69 66.06 37.67 46.77 82.7 122.15 82.19 125.68 58.0 126.02 103.86 73.02 49.76 121.75 43.02 98.19 56.23 77.41 105.16 87.29 64.34 113.62 115.22 41.25 129.79 44.14 127.28 83.21 114.77 129.1 55.29 114.39 116.57 134.58 101.6 116.16 49.64 130.09 125.7 99.13
107.67 122.05 116.07 144.15 100.38 121.18 169.08 80.62 149.97 125.64 165.05 153.09 149.08 164.84 126.51 143.21 138.33 138.98 124.65 160.99 107.17 123.58 0.0 120.05 150.3 136.14 132.92 123.74 119.88 135.2 134.16 137.92 129.57 123.45 120.28 147.95 158.64 150.63 122.1 152.86 116.96 139.47 137.3 128.04 147.7 120.0 156.52 141.5 106.09 150.51 124.32 161.8 121.93 120.3 147.63 119.24 120.9 148.24 90.16 135.35 134.17 142.37 128.05 135.47 128.96 159.81 171.17 163.34 122.18 163.68 165.63 119.28 151.97 159.4 133.78 149.75 146.99 123.67 142.82 143.41 153.49 169.84 152.88 132.01 167.45 131.88 164.93 129.47 152.42 166.76 146.06 134.49 169.78 172.23 159.78 156.66 105.76 167.75 163.36 136.79
42.58 66.73 40.46 59.48 46.41 26.89 96.3 39.43 64.63 43.13 123.87 67.16 55.44 70.54 32.22 58.63 47.22 44.69 30.36 80.94 12.88 29.29 120.05 0.0 36.57 49.28 62.91 29.44 26.91 40.91 47.72 68.92 75.6 29.16 48.95 73.8 65.79 89.65 49.09 60.31 62.99 45.18 83.33 42.7 54.54 58.19 81.46 55.3 70.4 61.96 60.48 78.84 46.27 66.33 64.72 37.29 33.3 107.06 48.98 81.38 69.16 59.96 61.27 53.59 74.99 118.62 78.66 122.15 66.39 122.49 104.25 65.31 79.05 118.22 39.49 94.66 52.7 54.96 101.64 67.8 60.81 110.09 111.69 37.72 126.27 45.35 123.75 75.5 111.24 125.57 51.76 98.8 122.91 131.05 98.07 112.63 41.03 126.56 122.17 95.6
79.16 70.19 55.8 61.32 63.06 63.46 132.87 69.68 44.14 60.6 154.11 76.07 71.42 68.76 67.96 62.65 73.29 81.27 66.94 44.36 49.45 65.86 150.3 36.57 0.0 83.39 76.48 66.02 63.48 77.49 69.12 94.55 92.25 65.74 47.32 79.99 102.36 90.62 54.14 95.17 79.64 81.76 99.98 55.08 68.93 73.54 118.04 75.47 106.97 98.53 87.0 94.82 82.85 82.99 73.87 58.97 69.88 137.31 73.28 98.03 96.86 58.82 61.2 71.07 91.64 148.87 115.23 152.4 84.86 143.32 124.43 81.97 95.03 141.56 76.07 126.57 89.27 86.35 80.1 83.14 97.39 146.67 141.94 74.29 156.51 81.92 153.99 92.16 141.48 155.82 88.34 135.37 127.95 161.29 134.64 127.02 66.11 156.81 152.42 125.85
28.47 68.91 68.98 64.52 53.29 25.43 94.83 55.52 90.5 35.94 139.95 61.64 48.87 64.74 55.63 56.79 38.18 43.23 48.71 79.22 36.4 48.39 136.14 49.28 83.39 0.0 55.73 52.97 52.78 64.43 42.34 67.46 82.48 20.12 73.19 68.25 102.68 113.17 42.4 58.17 69.87 43.72 90.21 68.57 45.5 72.91 130.75 77.63 108.96 79.4 77.22 72.27 44.81 73.21 90.59 72.15 73.81 123.14 63.5 88.26 67.7 85.83 52.23 46.41 79.18 134.71 77.2 138.24 64.93 128.9 126.58 72.19 72.48 134.3 38.03 101.91 51.24 76.58 117.72 96.32 59.35 133.62 127.77 36.26 142.35 49.31 132.22 82.38 127.32 141.66 50.3 134.38 116.21 147.13 96.61 103.59 58.67 142.65 138.26 111.68
70.23 52.75 48.24 58.81 32.54 64.04 133.45 52.3 79.94 19.78 136.73 88.56 48.83 46.22 49.92 13.83 32.47 81.84 32.55 79.19 50.03 56.09 132.92 62.91 76.48 55.73 0.0 58.52 45.55 72.7 28.3 70.08 61.74 41.59 52.44 52.09 124.7 110.68 26.24 46.34 49.12 82.33 69.46 60.21 66.97 52.16 128.2 68.52 103.62 64.15 56.48 72.23 54.1 52.47 82.22 51.41 53.06 115.41 42.76 67.52 66.34 78.6 46.52 30.25 61.12 131.49 115.81 135.02 54.34 135.36 117.47 51.45 72.44 131.09 76.64 85.75 89.85 55.83 114.5 75.58 97.96 139.17 124.56 74.87 139.13 87.92 136.62 61.64 124.11 138.44 88.91 132.01 100.05 143.92 131.47 125.06 37.93 139.43 135.04 108.47
46.27 71.43 60.1 58.2 47.16 30.57 99.98 43.12 73.4 44.54 127.55 60.96 59.12 41.1 35.9 54.58 31.85 48.38 34.05 78.86 16.56 32.97 123.74 29.44 66.02 52.97 58.52 0.0 35.67 44.6 36.02 42.48 72.72 32.85 59.23 76.19 95.23 63.93 51.0 61.34 63.74 48.87 84.08 51.47 58.23 66.78 87.09 58.98 67.87 59.54 54.7 80.47 49.96 67.08 73.48 58.19 50.68 91.98 52.66 82.13 72.84 66.21 45.91 42.64 75.74 122.31 82.34 125.84 46.76 104.22 107.93 66.07 68.7 121.9 43.18 65.21 56.38 70.45 105.32 75.59 54.32 80.65 115.37 41.4 129.95 54.46 127.43 76.26 114.92 129.26 55.45 81.42 117.61 108.18 101.75 116.32 49.79 130.25 125.86 99.28
48.81 39.82 24.43 34.35 19.5 33.12 102.53 39.26 37.72 28.64 123.69 73.39 42.13 51.48 38.45 31.72 24.92 50.92 22.35 72.48 19.11 35.52 119.88 26.91 63.48 52.78 45.55 35.67 0.0 27.15 20.82 57.04 48.69 35.39 23.56 48.04 82.01 95.88 22.19 64.24 36.08 51.41 56.42 15.8 60.77 39.12 108.37 51.72 83.63 53.94 43.44 65.53 41.06 39.43 37.81 27.6 40.02 102.36 29.72 54.47 53.3 33.05 38.98 27.74 48.08 118.45 84.89 121.98 41.3 122.32 100.67 38.41 65.74 114.59 45.72 94.61 58.93 42.79 101.46 51.77 67.04 116.32 111.52 43.95 126.09 57.0 123.57 48.6 111.07 125.4 57.99 112.03 96.0 130.87 104.3 115.3 14.12 126.39 122.0 95.43
57.74 66.97 51.58 61.5 46.65 42.04 111.45 54.59 64.87 55.79 139.02 82.31 61.42 78.63 47.37 58.87 52.07 59.84 45.51 91.77 28.03 44.44 135.2 40.91 77.49 64.43 72.7 44.6 27.15 0.0 47.97 84.07 75.84 44.31 50.71 75.18 106.7 104.8 49.33 82.36 63.23 60.34 83.57 42.94 69.7 66.27 122.38 70.45 110.78 77.11 70.59 84.82 61.43 66.57 64.96 54.75 67.17 122.21 56.87 81.62 80.45 60.2 66.12 54.88 75.23 133.77 93.81 137.3 68.45 137.64 119.4 65.56 85.02 133.37 54.64 109.81 67.85 69.94 116.79 78.92 75.96 125.25 126.84 52.87 141.42 65.92 138.9 75.75 126.39 140.73 66.92 126.01 123.15 146.2 113.22 127.79 41.27 141.72 137.32 110.75
41.93 41.49 45.25 30.51 33.79 52.51 106.27 53.55 58.54 8.52 137.98 88.8 42.51 30.73 21.62 26.89 4.17 70.32 21.29 72.87 38.5 27.78 134.16 47.72 69.12 42.34 28.3 36.02 20.82 47.97 0.0 71.32 62.98 22.22 44.38 40.83 102.83 99.42 14.98 59.41 50.36 70.81 70.71 36.61 47.61 53.4 123.11 40.21 92.35 52.88 57.72 65.91 55.34 53.71 58.63 48.42 54.3 116.65 44.0 68.76 67.58 51.93 18.22 18.99 62.36 132.73 104.28 136.26 55.59 136.61 89.16 52.69 66.12 110.75 65.12 74.49 78.32 57.08 115.75 72.59 86.44 116.67 125.8 63.34 140.38 66.14 137.86 62.88 125.35 139.69 77.39 117.44 88.79 144.2 123.69 105.7 34.94 140.68 136.28 109.71
84.35 61.03 53.23 67.84 37.54 42.03 107.63 57.3 87.13 62.8 141.73 18.48 70.34 83.58 64.66 80.37 74.33 59.84 73.52 90.11 56.04 72.45 137.92 68.92 94.55 67.46 70.08 42.48 57.04 84.07 71.32 0.0 66.73 72.32 57.44 85.11 129.69 106.41 59.26 74.59 54.12 60.33 74.46 65.2 91.04 57.16 103.23 41.58 67.48 97.93 13.6 93.74 59.09 57.46 74.36 56.4 58.06 80.32 47.75 72.51 71.33 90.09 65.21 72.63 66.12 136.49 93.81 140.02 59.34 85.74 90.53 56.44 93.95 136.08 54.64 107.69 67.84 60.83 119.5 80.57 75.96 123.13 129.55 52.87 144.13 65.92 141.61 66.63 129.1 143.44 66.91 95.87 114.98 148.91 113.22 133.34 42.92 144.43 140.04 113.46
76.0 45.98 44.89 47.45 29.19 70.13 131.49 48.95 78.78 54.46 133.38 75.78 82.84 93.7 84.6 72.02 67.14 87.94 67.22 89.8 66.9 83.31 129.57 75.6 92.25 82.48 61.74 72.72 48.69 75.84 62.98 66.73 0.0 76.26 49.09 76.77 121.35 117.35 50.92 95.5 45.77 88.43 66.11 56.86 82.7 48.81 124.85 65.43 107.01 98.82 53.13 106.24 50.75 49.12 78.87 48.06 49.71 112.06 39.41 64.17 62.99 81.75 56.87 64.28 57.77 128.14 121.9 131.67 50.99 132.01 114.38 48.1 95.2 127.69 82.74 118.08 95.94 52.48 111.15 72.23 104.06 138.18 121.21 80.97 135.78 94.02 133.27 58.29 120.76 135.09 95.01 135.4 124.73 140.56 128.12 124.99 34.58 136.08 131.69 105.12
45.99 54.77 59.82 44.4 47.07 30.29 99.7 42.83 73.12 21.8 127.27 70.56 28.75 44.62 35.51 40.79 18.06 48.09 33.76 59.1 16.28 32.69 123.45 29.16 65.74 20.12 41.59 32.85 35.39 44.31 22.22 72.32 76.26 0.0 58.95 51.02 94.95 93.05 28.26 38.05 63.65 48.58 83.99 51.19 25.38 66.69 110.63 57.51 99.56 65.36 71.01 52.15 49.67 67.0 73.2 62.99 62.46 110.46 52.38 82.04 72.56 65.82 32.11 32.27 75.65 122.02 82.06 125.55 60.59 125.89 106.46 65.98 52.36 121.62 42.89 87.78 56.1 70.36 105.04 87.16 64.21 113.5 115.09 41.12 129.67 54.17 127.15 76.17 114.64 128.97 55.17 114.26 102.07 134.45 101.47 83.47 49.51 129.97 125.57 99.0
66.71 22.88 8.49 26.32 19.9 56.68 94.21 39.66 29.69 45.17 124.09 75.92 56.92 53.07 51.24 55.28 48.48 74.48 45.9 74.54 42.67 59.08 120.28 48.95 47.32 73.19 52.44 59.23 23.56 50.71 44.38 57.44 49.09 58.95 0.0 67.47 84.95 80.95 41.62 78.59 36.48 74.97 56.82 7.76 73.41 26.22 112.53 28.16 71.59 59.48 43.84 80.32 41.46 39.83 29.78 11.66 40.42 99.93 30.12 54.87 53.7 56.61 47.58 51.29 48.48 118.85 98.62 122.38 41.7 122.72 77.11 38.81 58.8 106.56 69.28 108.79 82.49 43.19 101.86 35.83 90.6 128.88 111.92 67.51 126.49 80.56 123.97 49.0 111.46 125.8 81.55 99.99 115.44 131.27 118.83 115.7 18.8 126.79 122.4 95.83
68.35 52.36 63.27 71.34 47.57 76.56 117.09 67.33 85.76 32.31 151.76 96.14 22.27 65.13 62.45 57.28 44.99 94.37 45.07 52.63 62.56 48.43 147.95 73.8 79.99 68.25 52.09 76.19 48.04 75.18 40.83 85.11 76.77 51.02 67.47 0.0 130.05 121.27 25.85 80.08 64.15 94.86 84.49 63.83 76.4 67.19 135.41 51.04 103.23 76.67 71.51 45.67 69.13 67.5 71.64 66.44 68.09 129.42 57.79 82.55 81.37 81.09 59.05 42.77 76.15 146.52 121.5 150.05 54.12 150.39 99.99 66.48 45.88 146.12 89.17 98.28 102.37 70.86 129.53 90.61 110.49 156.56 139.59 87.4 154.16 92.56 151.65 76.67 139.14 153.47 101.44 131.62 99.66 158.95 146.5 134.49 52.96 154.46 150.07 123.5
74.22 107.82 76.46 95.01 92.16 92.67 162.08 78.02 114.64 108.91 162.45 127.78 120.29 133.5 98.01 113.74 106.94 110.48 96.15 146.72 78.67 94.14 158.64 65.79 102.36 102.68 124.7 95.23 82.01 106.7 102.83 129.69 121.35 94.95 84.95 130.05 0.0 148.02 104.2 126.1 108.73 110.97 129.08 92.71 120.33 94.2 147.25 113.11 136.19 127.75 116.09 143.69 112.06 112.08 114.73 79.63 99.09 145.64 87.56 127.13 125.95 115.07 119.83 109.75 120.74 157.21 144.44 160.73 113.96 161.08 162.06 111.06 126.78 156.8 105.28 147.15 118.48 115.45 140.22 103.8 126.6 167.24 150.27 103.51 164.85 98.43 162.33 121.25 149.82 164.16 117.55 164.58 167.18 169.63 157.18 154.05 86.77 165.15 160.76 134.18
97.06 103.82 72.46 107.09 88.16 90.77 158.47 70.01 69.64 90.9 154.44 102.48 98.99 87.05 96.11 118.51 95.79 108.58 94.25 129.35 76.77 93.18 150.63 89.65 90.62 113.17 110.68 63.93 95.88 104.8 99.42 106.41 117.35 93.05 80.95 121.27 148.02 0.0 97.35 125.27 104.73 109.07 125.08 88.71 118.43 90.2 145.91 109.11 131.8 123.47 112.09 122.39 109.71 108.08 110.73 75.63 108.67 137.63 79.55 123.13 121.95 126.41 109.84 101.36 116.73 149.2 142.54 152.73 109.96 153.07 155.02 107.06 122.6 148.79 103.38 129.14 116.58 111.45 132.21 99.8 118.25 144.58 142.26 101.61 156.84 114.66 154.32 117.25 141.81 156.15 115.65 145.35 159.17 161.62 149.17 146.05 82.77 157.14 152.75 126.17
56.9 26.51 37.42 45.49 21.72 50.71 112.02 41.48 59.91 6.46 125.91 73.83 48.12 45.7 36.6 38.68 19.14 68.52 19.22 64.37 36.71 42.76 122.1 49.09 54.14 42.4 26.24 51.0 22.19 49.33 14.98 59.26 50.92 28.26 41.62 25.85 104.2 97.35 0.0 66.31 38.3 69.01 58.64 37.98 53.65 41.34 117.38 45.97 77.38 50.82 45.66 71.53 43.28 41.65 60.0 40.59 42.24 103.57 31.94 56.7 55.52 55.24 33.2 16.92 50.3 120.67 102.48 124.2 43.52 124.54 94.92 40.63 71.73 120.27 63.32 72.43 76.52 45.01 103.68 64.76 84.64 130.71 113.74 61.55 128.31 74.6 125.8 50.82 113.29 127.62 75.59 105.77 73.81 133.1 120.65 111.74 27.11 128.61 124.22 97.65
81.13 65.87 70.11 81.59 66.31 68.34 137.75 72.24 86.05 59.85 156.68 73.43 57.8 81.8 72.7 32.52 55.24 86.14 58.09 88.16 54.33 70.74 152.86 60.31 95.17 58.17 46.34 61.34 64.24 82.36 59.41 74.59 95.5 38.05 78.59 80.08 126.1 125.27 66.31 0.0 82.88 86.63 103.23 80.04 63.43 85.92 141.78 85.33 114.87 89.69 60.99 81.2 87.72 86.23 102.05 73.28 86.82 135.26 76.52 101.28 100.1 97.29 69.3 70.32 94.88 151.43 120.11 154.96 88.11 140.69 134.28 85.21 81.41 151.03 80.94 125.83 94.15 89.6 134.45 97.45 102.26 141.99 144.5 79.17 159.08 92.22 156.56 95.4 144.05 158.38 93.22 142.75 140.12 163.86 139.52 121.52 71.69 159.38 154.98 128.41
63.39 20.2 32.27 46.97 16.58 57.52 105.7 36.34 66.17 41.84 120.77 41.52 68.41 79.5 62.73 59.41 54.53 75.32 54.61 71.86 54.29 70.7 116.96 62.99 79.64 69.87 49.12 63.74 36.08 63.23 50.36 54.12 45.77 63.65 36.48 64.15 108.73 104.73 38.3 82.88 0.0 75.82 53.5 44.24 70.08 22.82 112.24 39.65 94.39 86.21 40.51 91.81 38.13 36.5 66.26 35.44 37.1 97.25 26.79 51.55 50.37 69.13 44.25 51.67 45.16 115.53 109.29 119.06 38.38 108.78 88.6 35.48 82.59 115.12 70.12 105.47 83.33 39.87 98.54 59.61 91.44 125.56 108.59 68.35 123.17 81.4 120.65 45.67 108.14 122.48 82.4 122.79 112.11 127.95 115.5 112.38 21.96 123.47 119.08 92.5
62.01 83.54 74.93 85.77 59.24 18.3 87.7 58.86 89.14 62.55 143.29 78.81 74.86 89.97 51.64 83.14 66.64 36.1 49.78 94.21 32.3 48.71 139.47 45.18 81.76 43.72 82.33 48.87 51.41 60.34 70.81 60.33 88.43 48.58 74.97 94.86 110.97 109.07 69.01 86.63 75.82 0.0 96.16 67.21 73.97 78.85 126.65 71.34 101.83 81.38 73.93 84.73 37.68 79.16 89.22 78.1 78.49 126.48 68.4 94.21 60.57 81.95 66.53 73.02 72.05 127.77 70.07 141.57 57.8 141.92 120.29 78.14 82.73 137.64 30.9 114.08 44.11 82.53 121.06 102.27 52.22 129.52 131.11 29.13 145.69 42.18 125.09 84.12 130.66 145.0 43.17 130.22 142.82 150.47 89.48 132.06 64.62 145.99 141.59 115.02
83.73 73.69 52.62 80.69 36.92 77.86 145.14 56.68 86.51 62.19 141.11 92.94 90.57 101.43 92.33 79.75 74.87 95.67 74.95 97.53 74.63 91.04 137.3 83.33 99.98 90.21 69.46 84.08 56.42 83.57 70.71 74.46 66.11 83.99 56.82 84.49 129.08 125.08 58.64 103.23 53.5 96.16 0.0 64.58 90.43 56.54 132.58 84.98 114.73 106.55 60.86 113.97 58.48 56.85 86.6 55.78 57.44 119.78 47.14 71.89 70.72 89.47 64.6 72.01 65.5 135.87 129.63 139.4 58.72 139.74 133.93 55.83 102.93 135.46 90.47 125.81 103.67 60.21 118.88 79.96 111.79 145.91 128.94 88.7 143.51 101.75 140.99 66.02 128.49 142.82 102.74 143.13 132.46 148.29 135.85 132.72 42.31 143.81 139.42 112.85
64.61 30.64 16.25 18.56 27.66 48.91 101.97 47.42 21.93 44.44 131.85 83.68 57.92 45.31 54.24 47.52 40.72 66.72 38.14 82.3 34.91 51.32 128.04 42.7 55.08 68.57 60.21 51.47 15.8 42.94 36.61 65.2 56.86 51.19 7.76 63.83 92.71 88.71 37.98 80.04 44.24 67.21 64.58 0.0 76.57 33.98 120.29 35.92 67.84 51.71 51.6 81.32 49.22 47.59 22.01 19.42 44.74 107.7 37.88 62.64 61.46 48.85 54.77 43.53 56.24 126.61 100.68 130.14 49.46 130.48 84.87 46.57 66.57 98.8 61.52 110.41 74.72 50.95 109.62 43.59 82.84 132.12 119.68 59.75 134.25 72.8 131.74 56.76 119.23 133.56 73.79 96.23 111.79 139.04 120.1 123.46 26.56 134.55 130.16 103.59
71.37 76.88 69.2 69.79 53.51 55.67 123.48 67.08 98.5 47.19 151.52 78.48 54.13 70.0 60.89 66.17 43.44 73.48 59.15 72.39 41.66 58.07 147.7 54.54 68.93 45.5 66.97 58.23 60.77 69.7 47.61 91.04 82.7 25.38 73.41 76.4 120.33 118.43 53.65 63.43 70.08 73.97 90.43 76.57 0.0 73.12 136.01 57.43 124.95 90.74 77.44 77.53 43.42 73.43 90.21 72.37 74.02 134.71 63.72 88.48 87.3 91.2 57.49 57.65 82.08 146.27 107.44 149.8 75.31 145.73 106.38 72.41 77.74 145.87 68.28 113.16 81.48 76.8 129.29 96.54 89.6 138.88 139.34 66.5 153.92 63.45 151.4 82.6 138.89 153.22 80.55 139.64 127.46 158.7 126.85 58.09 58.89 154.22 149.82 123.25
66.43 30.31 17.74 24.15 19.62 60.56 115.82 39.38 55.91 44.88 123.81 64.34 73.26 77.06 67.95 62.45 50.5 78.36 57.65 80.23 57.33 73.74 120.0 58.19 73.54 72.91 52.16 66.78 39.12 66.27 53.4 57.16 48.81 66.69 26.22 67.19 94.2 90.2 41.34 85.92 22.82 78.85 56.54 33.98 73.12 0.0 115.28 49.77 71.71 82.08 43.55 96.66 41.17 39.54 56.0 20.9 40.13 102.48 29.83 54.59 53.41 60.57 47.29 54.71 48.2 118.57 112.33 122.1 41.42 122.44 98.72 38.52 68.05 104.39 73.16 108.51 86.37 42.91 101.58 45.08 94.48 128.6 111.63 71.39 126.21 84.44 123.69 48.71 111.18 125.52 85.44 100.1 115.15 130.99 118.54 115.42 25.0 126.51 122.12 95.54
102.95 103.83 111.35 138.71 95.66 108.35 150.43 75.9 142.22 120.93 160.33 84.75 113.14 128.19 107.45 138.49 118.95 126.16 111.83 143.49 94.34 110.75 156.52 81.46 118.04 130.75 128.2 87.09 108.37 122.38 123.11 103.23 124.85 110.63 112.53 135.41 147.25 145.91 117.38 141.78 112.24 126.65 132.58 120.29 136.01 115.28 0.0 84.37 151.86 143.42 116.83 136.54 117.21 115.59 117.16 114.52 114.77 143.53 85.44 130.63 129.46 137.65 123.33 129.74 124.24 155.09 154.84 158.62 117.46 152.0 133.32 114.57 136.75 154.69 120.96 145.03 134.16 118.95 138.1 138.69 141.42 165.13 148.16 119.18 162.73 126.81 160.22 124.76 147.71 162.04 133.23 163.68 165.06 167.51 155.07 151.94 101.04 163.03 158.64 132.07
72.12 19.45 36.64 54.33 48.06 53.04 66.05 60.88 57.85 48.73 145.32 60.06 28.76 67.09 23.08 63.26 40.53 70.85 38.28 59.12 42.42 54.91 141.5 55.3 75.47 77.63 68.52 58.98 51.72 70.45 40.21 41.58 65.43 57.51 28.16 51.04 113.11 109.11 45.97 85.33 39.65 71.34 84.98 35.92 57.43 49.77 84.37 0.0 99.75 69.88 55.18 52.16 69.61 42.33 32.78 39.81 68.58 96.51 58.28 83.03 81.86 53.39 54.59 59.2 76.64 140.07 70.47 143.6 53.49 100.18 48.95 66.97 52.37 134.58 65.65 114.7 78.85 64.02 88.67 63.98 86.97 139.63 133.14 63.88 147.72 76.93 145.2 77.16 132.69 147.02 77.92 128.15 119.78 152.5 124.23 115.52 46.96 148.02 143.62 99.66
103.99 94.47 80.08 79.91 77.81 83.53 152.94 76.94 89.77 83.83 161.37 85.08 102.57 108.97 102.62 115.36 96.52 101.33 96.6 72.21 83.28 99.69 106.09 70.4 106.97 108.96 103.62 67.87 83.63 110.78 92.35 67.48 107.01 99.56 71.59 103.23 136.19 131.8 77.38 114.87 94.39 101.83 114.73 67.84 124.95 71.71 151.86 99.75 0.0 119.55 53.88 125.97 84.01 97.74 89.85 83.25 98.33 144.57 86.48 112.79 58.95 116.33 105.49 94.3 106.39 156.13 135.3 159.66 99.61 152.34 76.17 96.72 126.18 155.72 96.13 133.08 109.34 101.1 139.14 107.42 117.45 148.52 149.2 94.36 163.77 107.41 161.25 106.91 148.75 163.08 108.41 28.4 151.19 168.55 154.71 152.98 83.2 164.07 159.68 133.11
71.35 77.33 67.96 57.92 69.63 63.09 132.49 69.89 73.64 44.36 154.32 79.45 66.05 83.61 68.42 76.59 57.05 80.89 31.6 96.4 49.08 65.49 150.51 61.96 98.53 79.4 64.15 59.54 53.94 77.11 52.88 97.93 98.82 65.36 59.48 76.67 127.75 123.47 50.82 89.69 86.21 81.38 106.55 51.71 90.74 82.08 143.42 69.88 119.55 0.0 93.57 89.45 82.47 89.55 73.73 71.13 84.1 137.51 79.43 104.6 103.43 86.99 71.1 54.83 98.21 149.08 114.86 152.61 91.43 146.7 118.83 88.54 89.66 138.16 75.69 110.33 88.9 92.92 132.09 95.3 97.01 140.19 142.15 73.92 156.72 86.97 154.2 98.73 141.69 156.03 87.96 140.96 124.63 161.5 134.27 145.93 68.06 157.02 152.63 126.06
70.75 60.71 39.63 67.71 23.94 55.64 121.23 43.7 73.53 49.2 128.13 32.08 77.58 88.45 78.26 66.77 61.89 73.44 61.97 84.54 61.65 78.06 124.32 60.48 87.0 77.22 56.48 54.7 43.44 70.59 57.72 13.6 53.13 71.01 43.84 71.51 116.09 112.09 45.66 60.99 40.51 73.93 60.86 51.6 77.44 43.55 116.83 55.18 53.88 93.57 0.0 100.98 45.49 43.86 73.61 42.8 44.45 93.92 34.15 58.91 57.73 76.49 51.61 59.02 52.52 122.89 107.41 126.41 45.74 99.34 104.13 42.84 89.95 122.48 68.24 112.83 81.45 47.23 105.9 66.97 89.56 132.92 115.95 66.47 130.53 79.52 128.01 53.03 115.5 129.84 80.51 82.27 119.47 135.31 122.86 119.73 29.32 130.83 126.44 99.86
69.47 71.62 88.81 88.1 77.05 66.44 118.22 81.18 99.32 70.62 165.61 97.26 23.4 66.26 75.24 58.41 61.75 84.24 57.85 53.76 65.96 49.55 161.8 78.84 94.82 72.27 72.23 80.47 65.53 84.82 65.91 93.74 106.24 52.15 80.32 45.67 143.69 122.39 71.53 81.2 91.81 84.73 113.97 81.32 77.53 96.66 136.54 52.16 125.97 89.45 100.98 0.0 85.82 94.5 72.77 91.98 97.56 148.67 87.26 112.02 108.71 98.58 75.8 81.08 105.63 160.37 118.21 163.9 55.25 152.35 101.11 95.95 47.01 159.97 79.04 136.59 92.25 100.34 140.83 116.15 100.36 161.12 153.44 77.27 168.01 90.32 165.5 106.14 152.99 167.32 91.31 154.37 145.34 172.8 137.62 135.62 79.64 168.31 163.92 137.35
63.1 58.33 37.25 59.92 21.55 19.39 88.8 41.31 71.15 46.82 125.75 77.57 75.2 86.07 52.73 64.39 59.51 37.19 50.88 82.16 33.39 49.8 121.93 46.27 82.85 44.81 54.1 49.96 41.06 61.43 55.34 59.09 50.75 49.67 41.46 69.13 112.06 109.71 43.28 87.72 38.13 37.68 58.48 49.22 43.42 41.17 117.21 69.61 84.01 82.47 45.49 85.82 0.0 41.48 71.23 40.42 42.07 104.42 31.77 56.53 55.35 74.11 49.23 56.64 50.13 120.5 71.16 124.03 43.36 124.37 118.57 40.46 83.82 120.1 31.99 110.45 45.2 44.84 103.52 64.59 53.31 130.54 113.57 30.22 128.15 43.27 125.63 50.65 113.12 127.45 44.26 112.41 117.09 132.93 90.57 101.51 26.94 128.45 124.05 97.48
66.73 22.88 35.62 63.69 19.93 60.87 108.39 39.68 69.52 45.19 124.12 75.95 71.1 82.19 65.41 62.76 57.88 78.67 57.96 74.15 57.63 74.04 120.3 66.33 82.99 73.21 52.47 67.08 39.43 66.57 53.71 57.46 49.12 67.0 39.83 67.5 112.08 108.08 41.65 86.23 36.5 79.16 56.85 47.59 73.43 39.54 115.59 42.33 97.74 89.55 43.86 94.5 41.48 0.0 69.6 38.79 40.44 99.94 30.14 54.9 53.72 72.48 47.6 55.01 48.5 118.87 112.64 122.4 41.73 122.74 91.28 38.83 85.94 118.47 73.47 108.82 86.68 43.21 101.89 62.96 94.79 128.91 111.94 71.7 126.52 84.75 124.0 49.02 111.49 125.82 85.74 126.13 115.46 131.3 118.85 115.72 25.31 126.82 122.42 95.85
86.62 52.24 38.26 40.57 49.68 70.93 98.84 67.01 43.94 66.45 151.44 92.65 49.37 67.32 55.86 69.54 62.73 88.73 60.16 79.72 56.92 73.33 147.63 64.72 73.87 90.59 82.22 73.48 37.81 64.96 58.63 74.36 78.87 73.2 29.78 71.64 114.73 110.73 60.0 102.05 66.26 89.22 86.6 22.01 90.21 56.0 117.16 32.78 89.85 73.73 73.61 72.77 71.23 69.6 0.0 41.43 66.75 129.3 59.89 84.65 83.47 70.86 76.79 65.55 78.26 146.2 103.25 149.73 71.48 132.97 81.73 68.58 72.98 120.81 83.53 132.43 96.74 72.97 121.45 65.6 104.85 154.14 139.27 81.76 153.84 94.81 151.32 78.77 138.81 153.15 95.8 118.25 133.81 158.62 142.11 143.05 48.57 154.14 149.75 123.18
65.67 34.53 3.17 37.97 18.86 59.8 105.87 38.62 41.35 44.13 123.05 66.74 68.58 64.73 62.89 59.32 52.52 77.61 49.94 68.1 46.71 63.12 119.24 37.29 58.97 72.15 51.41 58.19 27.6 54.75 48.42 56.4 48.06 62.99 11.66 66.44 79.63 75.63 40.59 73.28 35.44 78.1 55.78 19.42 72.37 20.9 114.52 39.81 83.25 71.13 42.8 91.98 40.42 38.79 41.43 0.0 39.38 101.73 29.08 53.84 52.66 60.65 46.54 53.95 47.44 117.81 110.28 121.34 40.66 121.68 88.77 37.77 53.49 117.41 72.41 107.76 85.61 42.15 100.82 30.51 93.73 127.85 110.88 70.64 125.45 82.64 122.94 47.96 110.43 124.76 84.68 111.64 114.4 130.24 117.79 114.66 13.48 125.75 121.36 94.79
67.33 57.29 36.21 26.18 20.52 60.19 128.74 40.28 66.66 45.78 124.71 76.54 74.16 79.09 65.52 63.35 52.53 77.99 58.55 81.13 46.18 62.59 120.9 33.3 69.88 73.81 53.06 50.68 40.02 67.17 54.3 58.06 49.71 62.46 40.42 68.09 99.09 108.67 42.24 86.82 37.1 78.49 57.44 44.74 74.02 40.13 114.77 68.58 98.33 84.1 44.45 97.56 42.07 40.44 66.75 39.38 0.0 103.38 30.73 55.49 54.31 62.6 48.19 55.61 49.1 119.47 111.96 123.0 42.32 123.34 117.53 39.42 86.53 106.42 72.8 109.41 86.0 43.81 102.48 63.55 94.11 129.5 112.53 71.02 127.11 78.65 124.59 49.61 112.08 126.42 85.07 126.73 116.05 131.89 119.44 116.32 25.9 127.41 123.02 96.44
94.67 77.06 98.56 126.25 82.86 108.18 156.09 67.63 129.62 108.13 152.06 61.83 125.27 133.08 113.52 125.7 120.81 125.99 111.66 128.72 94.18 110.59 148.24 107.06 137.31 123.14 115.41 91.98 102.36 122.21 116.65 80.32 112.06 110.46 99.93 129.42 145.64 137.63 103.57 135.26 97.25 126.48 119.78 107.7 134.71 102.48 143.53 96.51 144.57 137.51 93.92 148.67 104.42 99.94 129.3 101.73 103.38 0.0 77.17 117.84 116.66 129.37 110.54 117.95 111.44 146.81 158.18 150.34 104.66 129.09 145.46 101.77 138.98 146.41 120.79 136.76 133.99 106.15 129.83 125.9 140.49 156.85 139.88 119.02 154.46 118.89 151.94 111.96 139.43 153.77 133.06 155.41 156.79 159.24 146.79 143.66 88.25 154.76 150.36 123.79
36.59 46.99 25.91 53.98 10.22 50.1 98.01 9.54 59.81 35.48 93.98 63.95 63.86 74.73 55.43 53.05 48.17 67.91 48.25 70.82 36.1 52.5 90.16 48.98 73.28 63.5 42.76 52.66 29.72 56.87 44.0 47.75 39.41 52.38 30.12 57.79 87.56 79.55 31.94 76.52 26.79 68.4 47.14 37.88 63.72 29.83 85.44 58.28 86.48 79.43 34.15 87.26 31.77 30.14 59.89 29.08 30.73 77.17 0.0 45.19 44.01 62.77 37.89 45.3 38.79 88.73 100.1 92.26 32.02 92.6 94.55 29.12 76.23 88.33 62.71 78.68 75.91 33.51 71.75 53.25 82.41 98.77 81.8 60.94 96.38 60.81 93.86 39.31 81.35 95.68 74.98 97.32 98.7 101.16 88.71 85.58 15.6 96.67 92.28 65.71
81.78 71.75 50.67 78.74 34.97 75.91 143.19 54.73 84.56 60.24 139.16 90.99 88.62 99.49 90.38 77.8 72.92 93.72 73.01 95.58 72.68 89.09 135.35 81.38 98.03 88.26 67.52 82.13 54.47 81.62 68.76 72.51 64.17 82.04 54.87 82.55 127.13 123.13 56.7 101.28 51.55 94.21 71.89 62.64 88.48 54.59 130.63 83.03 112.79 104.6 58.91 112.02 56.53 54.9 84.65 53.84 55.49 117.84 45.19 0.0 68.77 87.53 62.65 70.06 63.55 133.92 127.68 137.45 56.77 137.79 131.98 53.88 100.98 133.52 88.52 123.86 101.72 58.26 116.93 78.01 109.84 143.96 126.99 86.75 141.56 99.8 139.05 64.07 126.54 140.87 100.79 141.18 130.51 146.34 133.9 130.77 40.36 141.86 137.47 110.9
80.6 70.57 49.49 77.56 33.8 42.27 111.68 53.55 83.39 59.06 137.99 89.82 87.44 98.31 75.62 76.63 71.75 60.08 71.83 94.4 56.28 72.69 134.17 69.16 96.86 67.7 66.34 72.84 53.3 80.45 67.58 71.33 62.99 72.56 53.7 81.37 125.95 121.95 55.52 100.1 50.37 60.57 70.72 61.46 87.3 53.41 129.46 81.86 58.95 103.43 57.73 108.71 55.35 53.72 83.47 52.66 54.31 116.66 44.01 68.77 0.0 86.35 61.47 68.88 62.37 132.74 94.04 136.27 55.6 136.61 130.81 52.7 99.81 132.34 54.88 122.69 68.08 57.09 115.76 76.83 76.2 142.78 125.81 53.1 140.39 66.16 137.87 62.89 125.36 139.69 67.15 87.34 129.33 145.17 113.45 129.59 39.18 140.69 136.29 109.72
79.35 72.84 57.48 36.42 52.55 63.65 119.44 61.75 70.78 60.45 146.18 103.93 75.18 74.32 30.31 64.78 47.76 81.46 55.4 103.18 49.65 66.06 142.37 59.96 58.82 85.83 78.6 66.21 33.05 60.2 51.93 90.09 81.75 65.82 56.61 81.09 115.07 126.41 55.24 97.29 69.13 81.95 89.47 48.85 91.2 60.57 137.65 53.39 116.33 86.99 76.49 98.58 74.11 72.48 70.86 60.65 62.6 129.37 62.77 87.53 86.35 0.0 61.82 60.79 81.13 140.94 115.42 144.47 74.35 144.81 102.34 71.46 98.79 116.66 76.26 126.42 89.46 75.84 123.95 84.82 97.58 146.86 134.01 74.49 148.58 87.54 146.06 81.65 133.55 147.89 88.53 144.73 129.05 153.36 134.84 137.79 47.17 148.88 144.49 117.91
51.82 59.71 43.37 40.4 27.67 48.23 117.64 47.43 76.7 26.74 131.87 83.69 52.4 40.61 31.51 36.78 14.05 66.04 39.51 82.76 48.39 37.67 128.05 61.27 61.2 52.23 46.52 45.91 38.98 66.12 18.22 65.21 56.87 32.11 47.58 59.05 119.83 109.84 33.2 69.3 44.25 66.53 64.6 54.77 57.49 47.29 123.33 54.59 105.49 71.1 51.61 75.8 49.23 47.6 76.79 46.54 48.19 110.54 37.89 62.65 61.47 61.82 0.0 37.21 56.25 126.62 100.0 130.15 49.47 130.49 103.54 46.58 76.01 120.64 60.84 92.71 74.04 50.96 109.64 70.71 82.16 126.56 119.69 59.07 134.27 72.12 131.75 56.77 119.24 133.57 73.11 127.32 107.01 139.05 119.42 115.58 33.06 134.57 130.17 103.6
60.91 43.44 50.78 49.5 35.09 54.72 124.13 54.85 65.46 10.47 139.28 90.75 57.68 49.71 40.61 42.69 23.15 72.53 23.23 81.3 40.71 46.77 135.47 53.59 71.07 46.41 30.25 42.64 27.74 54.88 18.99 72.63 64.28 32.27 51.29 42.77 109.75 101.36 16.92 70.32 51.67 73.02 72.01 43.53 57.65 54.71 129.74 59.2 94.3 54.83 59.02 81.08 56.64 55.01 65.55 53.95 55.61 117.95 45.3 70.06 68.88 60.79 37.21 0.0 63.67 134.04 106.49 137.57 56.89 137.91 108.15 53.99 81.29 129.74 67.33 76.44 80.53 58.38 117.05 78.12 88.65 123.3 127.1 65.55 141.68 78.61 139.16 64.18 126.65 140.99 79.6 122.7 90.74 146.46 125.9 115.74 40.47 141.98 137.59 111.01
